0.3993665886
-1.6055158120
-0.8983864132
-0.1522288972
0.6882349881
4.6844442662
-0.1582951601
-0.7238234873
4.9029140584
0.5783580042
-6.9897837153
-1.4504589869
-0.8682733045
-0.1269448567
0.6565851298
3.1559842315
0.1849242296
-1.1161706272
5.5215585517
0.8303971149
-1.3279135047
-1.2420495430
-1.1820664651
-0.6253371422
0.7643050059
4.1332321530
0.5858078645
-0.7899658091
5.6244837967
1.0445945421
-1.1701458074
-0.6703488991
-5.5465224304
-2.1879839200
-0.6300031736
0.3491813229
4.5617445275
-0.7175328248
0.7601525080
-0.2510505589
4.5172420488
0.7403714028
-1.4521812057
0.2562340669
-7.0584236428
-1.2809584979
-0.1059772866
0.0054731164
4.3855839011
1.0119940748
-0.9843123446
4.1839568540
0.7104762614
-4.9977447574
-1.2325569021
0.1479112609
-7.0001361468
-1.0662580269
-0.0294766693
-0.0179232759
3.9992723160
0.5755292327
-0.7794169138
4.6647508215
0.9116488519
-3.4033215109
-0.7961622362
-0.0851295134
-6.9375462786
-3.9475099077
-0.7351996000
-0.6529457296
3.1625463994
0.0794287686
-0.5262850927
0.5910195993
3.5333681805
0.4120180961
-2.0598121823
-0.5696109258
0.0318169845
-2.0282144213
0.3504630856
0.0510975339
3.2979250318
-0.2683097073
-0.6695029233
5.0908059139
0.2783584576
-1.8629907615
0.3052894431
-8.2257538123
-2.2215497355
0.2446896010
0.0759394746
2.5841146898
0.5919349523
-0.8151691568
0.7241269341
4.5110540583
0.3931776463
1.1130850400
-2.1229001835
0.9356110322
-9.8773046295
-2.3810636780
-0.1266286795
-0.0830112959
2.6513550577
-2.7146875625
-1.1195970355
-0.4716010527
4.0155256624
0.3599155967
-2.7736570330
0.7144117202
-8.0857912822
-2.6609453383
-0.4854329331
0.0165338135
5.0320973976
-1.1380173657
0.4865097276
3.9178460922
0.4368092266
-1.0754583562
-1.9954664787
1.1158292292
-6.4187551653
-2.0802678584
-0.6646896043
-0.1354237461
2.7242611963
-3.3474997270
0.3158052199
-0.7357972992
0.8223402856
4.2912190679
0.4503272399
-2.4685901344
0.6934009387
-8.1134106428
-1.1551078885
-0.8549729257
0.2670540528
2.8244559536
-2.6056075816
-0.5298970764
1.0178654564
5.6263883289
1.5706464376
-0.7817470734
-1.5823378109
-7.1972146400
-0.6415828891
-0.9383129521
0.5233081246
-0.1192624686
-2.8597990739
1.2429446848
8.2862443762
0.5773194260
-1.0027799679
0.5932997300
-6.6583361822
-0.0948838880
-1.0959016702
0.4834764659
-0.5184212932
-1.3347731564
-1.0408646891
1.4837140864
6.8723962972
0.3275505987
-2.0332196009
0.6817842169
-4.8006298301
-0.6076814813
-0.5072305522
0.6018524010
0.3008507619
-1.3379796126
0.3254129739
7.3006615751
0.2031113436
-1.8581796919
1.2805274284
-5.1929604933
-0.5021659459
-0.7076119879
0.1606723923
0.7422756343
-1.4093308827
0.3350460536
8.3242584282
-0.1850172835
0.1821811146
4.0666479178
-3.5238494865
-0.0484051290
-0.8547843859
0.3633963947
1.7093891290
-4.9886388159
-1.4408292549
0.0900065114
8.1980123702
-0.1426287852
0.2840901418
3.3089642768
-3.9678354824
-0.0848938767
-0.8611962984
0.0051196158
3.4881946069
-5.3375183015
-1.8570507888
0.2815925761
8.0071794413
-0.2917916265
0.5874593906
0.9186172780
-1.7760049148
-0.4280156021
-1.1253787095
-0.2599819581
8.8635896421
-3.8933202212
0.3439749350
6.9531751970
-0.7874430725
0.6656137353
0.2561313707
-1.0456426343
-0.1067571825
-0.1513907951
8.5568415251
-1.0376480980
-3.3277346855
-2.4997544876
1.0124583849
8.2697522485
-0.1828355412
1.0385767251
0.6464697273
1.0383018340
-0.2278872104
-1.3657351399
-0.0244759051
8.7687322684
-3.2367037262
0.1074279672
7.3983332769
-0.5980386316
0.6788992153
0.9430645145
0.6334241728
-0.8588769066
-0.1928489669
-1.2683743084
-0.1843504476
9.0588649377
-4.2802331260
-5.0038874933
-0.1727957592
6.8201738118
-0.4612307981
0.6439257077
1.4346497426
-1.1895766570
0.2130703011
-0.0612419057
8.8301292642
-4.5870267081
-4.9748708509
-0.5613052310
6.6947709495
-0.3957653994
-0.3115950039
0.6175720216
2.0368831558
-0.8068202105
0.6241184356
0.4496940030
8.5432470172
-4.1644754480
-4.1484287743
-0.7171337878
-0.6777314928
1.3865182095
2.8413282436
-0.6719426222
2.2833538903
-0.6268423445
0.6083253309
9.8578356390
-3.7269924259
-4.6916074036
-1.2012280916
-0.4490466608
0.6296551474
4.1729473016
-1.0715426422
0.7058340409
-1.6321163403
0.3369967388
8.8264249378
-4.2727515258
-4.6107889339
-2.0293797403
8.3821836770
-0.5609576004
-1.9266335334
0.8623420847
5.4819783368
-0.2934163138
0.6701991347
-1.2362257138
0.4944491208
9.0879462699
-4.4721142838
-3.5416637702
-1.7320141519
8.8272877578
-0.3280746403
-0.7774712065
3.3104575269
0.6551998631
-0.0442265578
-1.7112873746
0.3993898151
7.4483158240
-5.8339451296
-2.9672321035
-0.0596105286
7.9910874396
-0.2435662769
-1.2290510103
4.0933732703
1.6019770767
0.0064228881
-1.8313521959
0.1281421679
7.5597075523
-5.4335193939
-2.7614785856
0.5514948538
7.4474456246
-0.2605231798
-8.1534504679
-0.7636055337
3.1444273974
1.9922998714
-0.2198230442
-1.8220245176
0.0764494092
7.3358147485
-5.4823939765
-2.6030021938
0.6587274183
6.4627745320
0.2810028589
-8.0279397665
-2.4732738694
3.4286099471
0.0001664448
0.0591721280
-3.2185835847
0.3445360705
4.7453129554
-2.2236802436
-0.6002037148
5.0604014477
-0.0411331052
0.5216444977
-0.5360107481
-0.4359620853
-0.9563836096
-0.0279791933
5.0099341296
-1.3848131905
-0.2180435731
6.5052809182
0.9821221607
-9.8124726160
-0.2451602869
-1.1148217590
-0.3032105746
-0.0082729632
-1.0131477621
-0.4200825991
3.8236963075
-2.1523867862
-0.5757345029
5.8353852763
0.5358862704
-1.7562341753
0.8433191540
-0.9772400473
-0.3473732492
-0.1753143783
-0.4381020352
3.8039259681
-1.8352578942
-0.4077275516
5.4396845019
0.7039560318
-9.0338738356
-2.3484585475
0.9504420795
-1.4410020653
-0.4664737762
-0.2986035229
3.4124592660
-4.1098410186
-1.8736663514
-0.5732621252
4.6448242639
1.2130646558
-9.0055235609
-0.7563911536
0.7591258617
-1.6484640263
-0.4768852342
0.6310314830
-0.4485247502
3.2384770314
-1.6457205646
0.0910526591
3.8316194846
0.0154497674
-0.5345483212
0.6898914721
-0.9289020210
1.0808674077
-0.1417855409
2.1528694664
-1.2187075430
-0.1713855999
4.3184117025
0.2932150050
-8.0683299323
0.7098329954
-1.5114703934
-0.9017492137
0.1913026854
3.2354136228
-1.0840575835
0.1391142053
4.5692586777
2.8611927727
-7.7459326235
-0.4467752668
-1.0805139474
-1.2938026765
2.5705263335
0.0037641064
2.0760683123
-1.1771662550
-0.1526901923
4.5693118046
3.2832438801
-6.0562446582
-0.4022404455
-0.0657339621
-1.3778652281
-0.8529154844
3.1492333117
-0.0753320833
0.8210236951
-1.0861322713
-0.2175018796
4.6729314121
2.3412703281
-0.4930715314
-0.5194890634
-1.7924925944
-0.3621745658
3.2651853133
0.1678298108
-0.9570747955
-0.2791934552
3.2470881826
0.6578006896
-4.4957281204
0.1516724002
-4.7150835293
-0.7843248481
-0.3799133449
0.5308407088
2.0553292576
-0.9171033408
1.9550225718
-0.2553967449
-3.6080129277
-0.3488108486
3.0901623082
-0.7716904118
-0.6720225438
0.9283610635
3.5763727000
-2.0917271227
4.2781076115
0.1070180761
0.3372729091
3.6232058351
-5.9319060300
-0.5801272186
1.8062599203
-0.6069453469
0.5587174889
-1.7853812190
3.4088279776
-0.2134757420
0.6511892943
1.0695182062
-5.6478654328
-0.7823048779
0.0652480462
0.7236487695
2.4608773118
-2.2250024552
1.9577793413
-0.4394460474
1.3505715189
1.1769341682
-5.8359537084
-0.6313000988
0.1948866382
-0.5184259251
1.4660160123
2.8765278139
0.1436157428
0.8329711550
-6.4860795612
-0.6570161322
0.9773201793
0.4250400700
0.1164373630
-1.3234716129
5.3573592855
0.7563420663
-0.3886286526
0.6434839237
-7.7518897270
-0.9641253810
0.7007502374
0.3948249010
0.9134245067
-1.1686801184
-1.5575381612
4.4350409351
0.3534597774
-0.8322168620
0.4356046974
-6.1640215520
-1.0194385323
0.9980953606
0.7337380721
0.5893665865
-1.8843932294
2.7964611189
-0.0087115174
0.2116846585
0.8047324388
-5.5322846230
-2.0202532080
0.5424361901
0.8682442370
0.7567108293
-3.0084782262
2.3076642757
0.0913041002
0.6900941335
-0.0676328583
0.5977267948
-5.4123864801
-1.0066183849
0.1070225541
1.2096510496
0.9448472763
-3.3105517078
3.1316230562
0.0954794021
0.7323205614
0.2937451630
1.7111946921
-5.0617224644
-0.4921829610
0.4976752448
1.2122696194
2.6103447140
-0.2626557869
-2.6036539606
1.4164721026
-0.5040584790
-13.2753945555
0.7310647035
0.3248147310
1.0625721355
-4.7274577082
-1.4292109768
0.4596575391
1.5393760207
3.2124954934
-0.5453566592
-12.5166682140
-2.9752998553
3.8813586551
-0.5930269624
-13.0459129912
0.6002549873
0.3938583820
1.3260935771
-0.5105739917
1.7789562194
3.1005139002
-13.7795869244
-2.5977177506
5.2104163126
0.0380727987
-12.4070907324
-0.6010708478
1.7076057276
-2.7016528924
0.7124995783
1.2684110754
-3.6354627147
2.2302391978
0.1085603508
-11.6614791956
1.2668786809
0.5829387403
-0.2527224475
-0.7510264928
-2.2307251429
0.9612053782
1.5089092762
-4.4260581057
3.0903740573
-0.2664261496
0.8399661534
0.2087186356
-0.3208138398
0.6551769392
2.0547081681
-2.9934293887
-1.4299003883
6.6155818641
0.8592997108
-1.4090865253
-0.3456442042
-0.6999801881
-1.0230365831
0.2457664781
1.7378072313
-2.9668484086
-0.0151543752
6.6808586860
0.9153898353
-2.3150310830
-1.6495510605
0.0237317795
-2.5511134111
-0.3133027261
1.5286669234
-3.9689724572
0.2491144655
3.9467673890
1.3069777767
-11.5677128374
-0.0490354937
-2.6347516335
-0.2353520517
-2.7717711498
-0.1584086456
1.8098062838
-3.1997036513
-0.3695457845
3.1827669964
0.8723396201
-12.1898446408
-0.4299015817
-1.1287752646
-1.1863651298
-2.0847170228
-0.5463046537
2.2387287532
0.3606663766
4.0871764249
0.9305439656
-1.0596059329
-0.3548509041
-1.3867116676
-1.7449378746
-0.6486006743
3.4453877539
0.0618327581
4.0183897861
2.5208987810
-0.4259516309
-1.4144172660
-1.0807889733
-1.5327327777
-0.0973114569
3.5485938156
-0.4915999193
4.5908042494
1.0477215790
-1.6146025645
0.3638638578
-2.9966840451
-2.9976793024
-0.8741004218
0.2802391551
2.9597380684
-0.2434064844
6.4776220091
0.8550430208
-1.9106433523
0.0949852362
-0.4239253604
-3.6546929108
-0.6220522780
0.7707227644
3.2079805669
-4.7377179975
-0.4729464217
5.7744157483
0.1707542187
-2.2573088027
0.3917345929
1.5555584394
-4.6931183683
-0.7478852822
0.8989228254
2.2607186778
-1.3748951311
5.5739695332
0.2751599060
-7.1885648921
-2.9161394717
1.3232443846
-0.4325707168
-0.2236206347
3.4953017661
-1.9596739104
-1.9717293286
5.0073048204
0.1580319380
-3.6709365698
2.0178169417
-0.2569225888
-2.0990780202
-0.2043247147
2.0177193719
3.8824629278
-1.3537526569
-2.5886281092
4.9527644018
0.0878326076
-3.7801559174
2.6060635409
0.4700156096
-0.2855834527
2.1547948148
1.9318665609
-1.1253590798
-3.6278050343
-0.0646556994
-4.3577875301
2.7521399353
2.0765367056
-4.2274390493
-0.4063845877
1.9038842075
2.8599277758
-1.2368247108
-3.5920015618
1.3351723962
-0.0621319070
-4.0828746310
2.5582888685
1.8629525771
-3.4685450097
-0.3413938688
1.5932812491
1.6415478331
-0.3967090808
-5.1207646863
0.3421213517
0.4395611881
-3.8072050485
2.4561453449
-2.9960761363
-0.0538542881
1.3360042200
2.4740969864
-0.4301570700
-5.1903921999
-0.0834078247
0.4549905605
-3.3176096349
2.8102338914
0.0512150313
-6.8532255147
-0.3322843967
0.4263700886
0.3431173408
0.4190193103
-4.5698255452
2.4746360535
0.0472173885
-7.8486564918
0.4849270829
-2.2088121452
-0.1357524244
0.2276493215
-4.2655539311
1.5638843014
0.4034481379
-6.6788679284
0.5898019554
-0.5140900832
-0.1545154554
3.5321519337
0.1090221106
-2.5684325412
-4.1680341153
0.4015419151
0.0755866594
0.8978937849
1.6868460283
-5.1591134330
0.6785324042
-0.2921484498
4.4086391765
-0.6628419283
0.0121367129
-0.3252551251
-3.1273515878
0.3730498534
1.5173074068
-5.7676310394
0.2755364131
-0.1405001714
0.9351619709
-0.9704330755
-3.8598455863
0.0779421044
0.9082650896
0.2950566059
0.6670221712
-5.8526536200
0.3148797825
-0.5056826209
0.7200810377
-0.5810744540
-4.4415206505
1.9229298015
-0.4644184938
0.0426132595
-1.1964829413
0.4432586158
-0.3448089576
-4.8769311000
0.0718373469
-0.1530913594
0.6753209135
3.3831227931
0.0248334122
-5.1323870273
2.7035434932
-0.4627479930
0.3960086243
0.6094020742
-2.9949708086
-0.5896976338
-0.2065670536
0.5703308731
1.2681841202
-6.2111592469
2.8997696847
-0.5098006167
0.1473115523
1.3303486485
-2.3305425526
0.3950355974
0.0571049125
0.7043169941
4.5680493626
-0.8192085506
-8.1974793497
3.7872589934
-0.8228539941
-0.0327034744
-2.2769118967
1.0359322019
2.3116381551
-3.0289612751
0.6686468565
-0.2513047840
0.5239089845
-0.4058138853
-8.5365958327
2.8157761154
-2.2894153961
-0.0410461764
-1.0459226542
1.2457379132
0.0298341811
-0.1696345289
-1.4289933179
0.2111426803
1.5684982828
2.1512902881
-2.8354093360
-0.5294966393
-0.7936069593
1.2761567592
5.0602708538
-0.6083839682
-1.3878455422
0.6163271042
4.4158966729
2.4648313810
1.7255772874
-1.2721061206
-0.0096422259
-0.6329237295
1.0749771863
3.9125733477
-1.0085373832
-0.8435050305
-2.3181733768
0.9524008684
1.8291499837
-6.2838789921
0.8274611431
0.2862080693
-0.1441856741
-0.6653434691
1.0108227808
4.5942946393
-0.8107094960
-0.1353430737
-1.9017224725
1.3036114160
-0.5742266368
-6.4792151222
2.3054277552
0.5180924591
-0.3442611504
-0.4893038382
2.9999402447
6.0980265788
-0.4449965524
0.1741963833
-0.8100458183
0.5775905882
-0.3850650598
-6.2607894080
1.6503349077
-1.4264543529
-0.4517649799
1.4054414270
5.4811407691
0.7326456189
-1.0944201392
0.9102336859
-2.6190085521
-0.1566036428
-4.8924949119
1.8942593203
-1.1467605117
0.1843003893
-0.1992253872
1.1672879660
-0.0449849403
0.5451115260
-1.6568326929
1.1049482495
-2.8291548641
-0.7864053856
-3.7876849964
1.1699960597
-0.6310982102
-0.3248019222
1.4113796121
4.2593740271
0.0686786182
0.5302152798
-2.6726412875
1.5115715071
3.7558342773
-2.7296879505
-0.1943390045
-4.5565823276
0.4641135739
-0.4429445469
-0.6728124720
1.1461226982
4.1146638516
0.8924044111
-2.6235012566
1.4831519248
3.5694731125
0.2835102239
-4.0828716360
-0.5507432438
-0.8493555657
-0.0040961395
0.8431221347
-2.6699938144
1.2153246734
-1.5494677671
0.7425219728
-3.1900696623
-0.6779578913
0.2416451516
-0.0982252444
-2.0066831650
0.4145343471
2.0719724454
0.1825622621
-2.5725823694
0.7658352311
0.5477277362
-0.4798700568
0.4885776824
-0.2454866362
-1.4135866515
1.0974026204
0.7233018386
0.2985116357
-2.6777616835
0.6554670421
2.6728504620
-2.4292306159
0.7553557542
-0.9715693253
0.4897177517
0.3072124977
-1.1755018067
0.0867238284
-0.4519743499
-1.9884479505
0.7310000470
2.4891416026
-2.3639087274
0.7193284870
-0.3586073553
1.1081516481
-0.0861609966
-0.7391426173
0.4852293356
-0.6201771953
3.4710075258
0.4264696178
-1.1225805920
0.8577619817
-2.1118914874
1.7834665395
-0.5972137066
-0.1374099624
-0.6402139332
0.3400034325
-0.7858346514
4.1271697546
0.1538711257
-0.1957924981
0.8143348635
-2.3621724926
1.4977129325
-0.9630080179
0.1757863927
0.5251907171
0.0815143892
-0.8713503120
4.2881924254
0.1837890269
0.5599763176
0.5921018977
0.4019341579
-3.0369665714
0.6861312433
3.8722313072
-2.2368955158
-0.4489645998
-1.1907413890
-0.1252093811
-1.0152801304
1.7151602860
-0.1231372970
-1.6672706347
0.5477859277
-2.5697367819
0.0862688653
0.8121877306
-1.1191600763
0.1193679455
-0.4023421712
-1.8791806303
0.9170656761
0.4917511585
-1.6177798750
0.6213124704
-0.6088874903
1.5732310516
-1.0471002519
0.9185693815
-1.5428227794
-0.9914512815
-0.7228794081
0.0491884466
-0.5231666091
-1.9948151800
0.6607872218
0.6843840657
-2.1408766565
0.4679806613
4.9614294328
1.3327687220
-1.4714215136
0.5244601321
-0.7337345440
0.3255141895
-2.6785173321
-0.4187684984
-1.5344704309
0.8411007424
1.1346582730
-2.2219476268
0.5496173126
0.7963714841
-1.2796617535
0.3183442973
0.0349872207
0.3282522494
-2.3562039354
-0.4388324673
-0.4437362651
0.8755939040
1.2109245789
-2.2083077099
-0.5068892169
5.4132389082
0.6758868152
-0.9714237661
0.7555466215
-0.8160943904
0.3395866233
0.4019331317
-1.7435319559
-0.1709248586
-1.3928282745
0.9584728719
1.1321986344
-1.0099352567
4.7043553520
0.4783080529
0.0861959874
0.3798436121
-0.5679990758
-0.0772398375
-1.8369793794
-0.5868172866
-1.9495428894
1.0581219860
0.9605039182
-1.8214168006
-1.1210600254
4.7597986154
0.0416811195
0.8932899017
0.2201167987
-0.8082631255
1.6122659834
-0.9689077754
0.4732633749
-1.3617738839
-2.8303118137
0.8377974826
0.4112246781
-2.3767337427
4.0872618627
0.9923163518
1.5216889397
0.3517882231
-0.9348841473
-1.9949547363
0.8491058634
-0.7329850116
-1.3537693101
0.8794344714
0.2544174711
-0.4501463139
4.3887744157
1.5823633032
2.7193192785
-0.2873633744
-1.9131295243
2.4480903692
-0.4021440536
2.6108189976
-0.6863469338
-2.8490025043
0.5852488810
-1.7732229096
-1.8760797108
4.2048908266
0.4896252433
2.6516267699
-0.5270940956
-2.0558962285
3.6544042161
-0.0776635629
3.3952466686
-1.6145737118
-4.3865428221
0.3751944817
0.7427624348
-1.7758155824
-0.5229370371
3.8218011695
0.8074616449
2.7808575382
-0.7944147497
-2.7254808696
3.7435543375
0.5007189350
2.4901539607
-0.9508871631
-3.3784934899
0.4740196646
1.6834022695
-0.3813513386
0.4025199783
3.3274826471
-0.2970779328
-2.1206510031
1.3371520358
-0.6635314048
-3.1301681075
0.1799438384
-1.3243665770
-0.8631879292
3.2067612626
1.3827609041
2.1312768926
0.6517405440
-2.9978291135
-0.0557381237
-2.2712684974
0.1548529827
-2.0617877458
0.7853707974
5.4444161880
-0.9522292175
-1.0863172130
2.6414820018
0.4396964990
-0.1470082030
-3.1521115258
-0.0818722555
-1.9667799522
1.1128741445
5.7119975853
1.4806946740
-1.1793687743
0.2628264535
4.4382365533
-2.1111613743
-0.0928898732
-1.3399997668
1.0736296135
7.0496759324
-3.2057143048
0.8036692270
-0.8156304567
1.3211847801
0.8876230021
-2.2246651324
-1.4056150656
-0.5771914840
-0.5057722540
1.5258162021
6.4717444695
-4.0457072025
-0.4016096210
0.2890703184
4.3742406585
0.4819201129
-2.1101478620
0.0923891841
-1.9001706301
-0.2254793168
0.4831702503
2.0302981404
9.0169700429
-3.5273854116
-0.9470755016
-0.7063703126
0.3423697742
-0.0767759770
0.1689124608
0.4138658285
0.6684518267
6.2292572526
-2.6795161200
-0.9081979331
0.0116615500
3.5693488264
0.8582652872
-0.9994478419
-0.7764280466
0.5462305541
1.5679767978
7.3605172288
-0.3555344609
-3.4922566374
-2.3424969942
-0.2895657415
0.6778634389
-0.3273907212
-1.1855791428
-0.7327052306
3.4027565742
1.5338354727
7.3345813189
-4.1072450792
-3.3067514141
0.0721628893
2.0054097005
0.0438176368
0.3407446227
-0.5580433594
-1.5995167138
4.1233997126
1.7298103387
7.8588129908
-3.9522653000
-4.0220944947
0.3940911265
1.9348108001
0.6575898001
-0.1824289641
-1.4291897581
-0.3711743439
4.0454288120
6.8540033311
-3.3077373718
-3.1920427889
0.6242311753
0.2732243689
0.8459269257
-0.6358966761
-0.3836004439
-0.6397728107
3.5862130289
2.3057116707
7.1148639700
-3.7827190341
-1.3504433721
0.5510861431
0.0894710809
-0.2458635006
-4.2828783775
2.1710642861
0.0572013739
2.7105368911
7.1347291573
-4.5234426031
-3.7995589258
0.0688558644
0.0230100758
-0.1070816605
0.9334881006
-0.7114045153
2.0964962991
2.9290697664
-3.8433865079
-2.3593851880
-0.2159266719
-0.3290005518
-0.6949325633
0.2675862202
0.5427505960
1.4069859150
2.9898564797
-3.9639175971
-2.2844071706
-0.2316108322
-0.8623571599
0.1399448526
-1.0700373310
-0.0432989167
1.2123792125
1.0298502560
1.3781696465
2.3529346960
5.9156390597
-4.2562652464
-2.5289296106
-0.6814144448
-1.3322558572
-0.8955643166
-0.1380715273
-0.2331500520
1.1900493192
3.2599933608
0.4598567111
1.3319232829
2.1284880414
6.2174694209
-3.3779611434
-2.8753546756
-0.4585308513
-0.8375958495
-0.4648768560
0.2281631386
1.8492147941
0.7380659966
6.1397758618
-2.1869725852
-0.2349143868
-1.2999319242
-0.3687583849
1.2749504424
-1.9688353457
1.8742255890
0.5062157233
-0.3486900108
1.4343276064
5.4769866370
-2.4890360319
-0.5311024984
-0.7862374266
-0.3412360822
1.4948319818
-1.5295316709
1.2479109737
2.3345056394
0.2621478239
2.1084823470
6.8553926212
-2.5266307557
-2.3200917625
-1.1701952277
-0.5562040493
-0.2703475236
-3.6046529659
1.2627489449
-0.5237798724
1.2262987442
2.7642401395
0.3935138692
2.5827031955
6.7656832124
-2.6835182278
-2.2945158177
-1.6172474434
-0.5877233586
-0.8836825579
-4.2172364942
1.4307372232
2.2248961408
0.7403585181
1.9138159846
0.3101707822
2.4862450711
6.5491594555
-2.9502742165
-2.8660433059
-1.3708298461
-0.7982625148
-0.6273935175
-4.6982526321
1.8439233527
2.7374257240
0.3042792075
1.2930983190
-0.1006198918
-2.7157493897
1.5112816620
6.3404662368
-3.7754740496
-3.7692083942
-0.5520392857
-1.0801810906
-0.2878188028
-4.7545859012
2.4756736796
2.3438653246
0.5871575714
1.0751125307
-0.2328269185
2.3413376163
-3.5629863621
-2.9158615763
-0.5256240461
-0.9264959078
-0.4945995490
1.3466965360
1.8426700959
0.1790754809
0.9993664122
-0.7762319288
-1.6187955798
2.0720299726
4.9016040837
-3.6398937031
-2.9506421479
0.1896915360
-0.7408769327
-1.2224053459
-4.2986507299
1.1163178627
1.7150582379
-0.2602189309
0.9780190529
-1.2723602361
-1.8565194582
2.1225090207
-3.8146468221
1.1576716411
-0.6265221349
1.6173801706
0.4081281165
0.2048915505
-1.0093903211
-1.8248317396
1.2609093311
4.7406682857
-3.9909851326
-4.0832143294
0.9070303466
-0.0970521140
-1.9454586465
0.9805879516
0.5077222980
0.6903649624
0.1624047874
-0.8843158668
-1.7894480832
1.2413739718
3.9068753249
-4.0504169302
-3.8113098112
1.1896524657
-0.1091279175
-0.9088788129
-2.5190330059
0.7107885325
0.6059914288
2.0487097817
0.0238689855
-0.2473872753
-1.5785138644
4.3349771134
-3.2287536788
-4.0874348106
1.9227088502
0.0575621224
-0.6856842372
1.5309553247
0.1534781488
0.5256304514
0.0647982489
-0.2660603558
-2.1131696276
0.2041576649
5.4092800375
-3.2432863087
-5.1681887485
1.8200397918
0.0809508476
-1.2861555952
0.6072941505
-0.3506537020
0.0301373237
-0.3719025353
-1.8738645774
-0.0693689960
5.5256672570
-2.5617699951
-5.0099547924
1.0753259943
1.6783415264
0.1958652427
0.7049892677
-0.9888923133
0.7544134621
-0.4475870426
-1.5146847767
-0.2037396809
6.3708031164
-1.9730901114
-4.3959102603
0.6916630399
0.0026203065
0.9941071555
0.2169717979
-1.4546385494
0.4223150803
-0.1815236945
-0.7264762833
6.9491067573
-1.9982770666
-3.7144847729
3.3055583620
-0.2944317379
-1.2126895519
1.0599619519
0.5411805801
-0.8522468306
1.0862644551
-1.4771134813
-0.4317552653
7.5295391131
-1.6210661888
-2.5069689238
4.4111214056
0.3687843987
-0.1360123550
1.1711931921
-1.4860503401
0.6627585499
-0.4314611662
-1.3968117815
-0.2468051280
8.7049355514
-1.3978627521
-2.1751040551
-3.3683065547
4.7162227230
-0.2324592342
1.2260646760
2.0391225487
-2.5741311276
1.1871562201
-0.8800710108
-1.7765594783
0.5358054326
8.7544123511
-1.5070594927
-2.0865040856
-3.9682775750
4.9716301714
-0.2410352605
1.6203201939
2.0867212955
-4.5473180704
1.8916829003
-0.6435179014
-1.3007246275
0.3589007746
9.5154708324
-1.3207452043
-1.3402083023
-3.6861912328
5.4620070038
0.6400707118
1.8646472849
-1.8847193659
-3.7053471704
3.2097793432
-0.4743091463
-0.8447662048
0.5447517821
-1.1933727917
-1.0391895235
-3.0773693026
6.3692362414
-0.3490443457
2.4256694282
-0.1056141607
2.8509336170
-0.8147239080
-0.6261502177
0.5913993301
-1.7852492416
-1.0533753407
-3.1147523051
6.3768683083
0.9815697365
-3.4666259303
-3.6427803737
0.8144201193
-0.2633842784
0.6633069486
-2.1257226436
-1.1335162637
-3.6548185404
4.6373055895
0.5580393125
-6.3895720475
-0.1963637748
0.2170429071
-0.6556485765
0.1158345884
0.0646557996
10.8882464913
-2.9184259851
0.2737511224
-3.4278513971
4.7964159936
-0.3199836257
1.1790107329
-0.3545119416
-0.3338034397
0.1520535978
0.0158789443
10.7145964601
-3.0252173780
0.5175742301
-2.5515249957
4.7509204033
-0.6951524193
-0.1941612945
0.9958128912
0.9403679152
-0.5023131542
1.0283894022
-0.1985411220
0.1861562202
9.8602241608
-2.8090958033
0.8224427181
-1.8573775025
3.8785211611
0.1914173843
-0.6693566631
0.7868911587
-3.2439467420
-0.5456004326
1.2627160153
-0.5015206291
0.0401982404
9.6630700419
-2.7162009890
0.6821460269
-1.8666389485
4.2850686952
0.5292838638
-3.1599154471
-0.1471689367
0.3653631054
0.2951256804
-3.0880333215
0.7527636955
-1.6568346721
3.4748948138
0.6164537924
0.6021955746
-3.7482108645
-1.6843862864
-0.3558319002
0.3176867496
-0.0037933646
0.4613883150
-3.1200260019
1.4367707127
-0.8268929746
3.6816669500
-0.0012075134
0.0656243918
-0.0422018639
-0.6248499636
0.5871764489
-0.4517370295
-2.8990462555
1.9367681494
0.2912335394
5.0156194260
-0.0717595899
-0.9198042408
1.7292303012
-3.1052236557
0.2205900463
-0.2218916233
0.3240032100
-3.4501192368
1.3014997083
0.8244710046
4.8268554323
0.0462609187
-1.2167031746
1.2812151719
-1.3792397839
0.5451521972
-0.2007577216
0.4548736439
-2.8951789646
1.8406826734
5.8300616978
-0.4439983283
-1.2902355191
1.7066734803
4.5700638431
-2.3868635385
0.5326999745
-0.0281684361
5.6530195158
-3.1215426711
-0.5204725359
2.0449897576
5.1738543883
-0.1324147085
-0.8239230985
3.1529870381
-0.5684444988
1.7475131289
-0.2292591050
6.7685413685
-7.3762454499
-1.8175920140
-0.3863648294
6.4394294884
-0.1960070572
-6.2965082079
-0.7274977117
4.6914037481
2.0336947600
-0.6680580794
1.6470348833
-0.1794081221
6.5147378340
-8.2406460412
-1.8561701430
-0.8003625099
4.0839230200
6.2424847575
-0.1735251494
-0.8713724706
4.9876586207
0.3683809595
-1.5627588116
1.5256289142
-0.0108640626
5.8088497210
-8.4691466787
-2.7465839453
-1.5269146253
3.7142745299
4.9726036403
-0.1542642426
-0.4939062385
5.9319822506
-0.0649651250
-2.4082409820
0.4101079072
0.4851658090
0.0036156783
4.9566269488
-4.2155705628
-2.2956065201
2.9625700687
4.1185068801
0.0840331205
-8.1474230164
-0.6982484721
5.9881162208
-1.8049373063
-0.3359247449
1.0083638215
-0.1686213639
-6.3830930174
-4.1955059588
-2.1111510257
4.0085460742
4.7608839287
0.8199421981
-8.6237904477
-0.2798168061
6.1887938237
-3.3916013943
-0.9557192208
0.9225417470
0.7818055553
-0.2218070104
4.9622102370
-5.6504231623
-5.4412459396
-2.9188401749
3.2386598502
4.3193427910
0.3296180638
-8.7731603749
-0.1964511535
6.4793883225
-3.6404190911
-0.4222489809
0.4894124095
0.3705967975
-0.7321039666
3.9386614329
-4.6769501201
-5.6286457196
-3.3790725470
2.6553308740
4.8273111336
0.1100595041
-0.2630662010
0.2932699978
-0.0066795289
0.3155581376
0.5407755751
-4.1122541636
-6.6473169124
-3.3779481669
1.5666534487
0.7622594710
-9.7362971671
-0.3416762755
-3.7713383834
0.0195052816
0.1962459474
0.2783009971
1.9525478124
-3.5231760362
-6.7396167503
-3.1427410726
1.0291809939
-0.2102045948
-0.3433246589
3.9588814232
-0.0023864463
-0.3266832728
-0.3035078078
2.3461187424
-7.2736735281
-2.8884013680
0.5231436149
6.0117597126
-0.5257270433
-0.0274546049
2.8537627403
0.3808077707
-0.4054837504
-0.3248654104
1.3399303561
3.8675153999
-3.4103180252
-7.0096860103
-2.5690199016
0.7079946160
-0.4041571253
-7.4482941002
0.6112004608
2.6716778963
0.5211734231
-0.2347145291
1.0615223235
-6.3601101314
-2.2106242532
0.2324239749
-0.1375366170
-7.1764624742
1.9784837862
1.2819174772
-0.2361952943
2.1750000305
-5.9597353724
-1.2384020159
-0.6150411605
-0.8283637057
-6.2738326184
1.7047490116
1.5146502245
4.2216870006
1.2271656649
-0.2864634304
1.3327736999
-5.5329487022
-0.8040856408
-0.8269131727
-0.5293938045
-5.3645192532
1.8610359937
1.6587679518
0.7481055845
0.1810685538
1.3387905393
-5.3475232359
-0.4684104525
-0.8912394796
-0.7820631753
2.3723526066
1.2731878483
0.4350411648
0.1502941710
1.8347021887
-5.2837125120
-0.6926070915
-0.8436465780
9.1647902567
-0.6146518354
2.3571055707
0.6028335940
0.7478164290
0.1312440598
1.7277612823
4.8266966348
-5.2814919556
-1.1286738347
-1.0896222454
-0.2933290494
-2.2629621201
2.8733378841
0.4563117514
0.8148831022
-0.7269351397
1.3891428121
4.6295188589
-1.4888362797
-1.9757616831
-0.3402247855
-0.7216580804
1.0069361857
0.9506648225
-1.9786844033
3.3891578842
-1.4702853802
-2.4619022006
-0.4169428256
0.2980508279
0.8806488194
2.6103717432
0.8185736304
2.9146733894
-0.2999556504
-3.0358373016
-0.2006957992
0.8111872839
-0.3347553861
2.5837743372
-0.4490624032
3.6496968311
-0.8916432423
0.1838211282
-1.7904698596
-0.5557209489
1.0907195056
-1.3356622058
2.5880603657
0.9841319105
4.1420873322
-0.1148562144
-1.1753693603
-0.5359407926
1.1374059806
0.0997272894
-1.7942298592
2.0322444357
1.0523663443
4.6642032448
0.0266181010
-0.3203153547
-0.9852790558
-0.0047473694
-2.3342589874
1.3826065822
4.6066264040
-0.0793729047
-0.6861427420
0.1778616983
0.4498503255
-1.5277834575
0.3687829931
0.8025038042
1.3252444771
-3.1178127883
-4.0417752630
0.2247722776
0.7135939767
-1.2892944576
-0.3481816517
2.1041570131
2.0340731360
-0.4849460682
-1.1525153980
-1.6948098878
0.1101804406
-0.3460137958
0.9224306740
2.2228378358
-0.9097368232
-0.6365791649
0.0762584776
0.9912537148
-1.8499702940
-1.0989398283
0.7878118202
0.5193459592
0.4686152519
2.6639911421
-0.2841097693
-1.5949235781
-1.1209635774
0.1424236980
-2.4193843047
0.3968751116
-0.2730511892
-0.8430434746
3.5863005452
-0.8971710261
0.2931779860
0.9171095589
-0.6199841875
-2.8535221161
-5.2879465436
0.0520510983
-0.7293088948
2.7006445128
-1.6402474241
1.8445314801
1.8398702725
-0.5714629391
-1.7824337741
-6.9492292597
-0.0315427248
-1.0153362511
2.0003385265
-2.0889693458
0.6329130002
1.9238583547
-0.9681033204
-1.5764043834
-0.7674375857
-0.7943209212
0.9585310579
-2.2973962205
0.5018058663
0.8293983802
-0.5384189998
-1.0063280121
0.6973212465
-0.6913139545
1.1640922321
-0.5291485272
-1.0817430569
-4.4594839371
-3.7999359596
0.3483176942
-0.7284101809
0.6166566600
-0.4725572446
-0.3961581213
-4.6972080272
0.4321844498
-0.5886702031
0.3408857167
-0.3857761368
-0.5521142976
0.5027889239
-0.5533981382
0.5013928500
0.2951408562
-0.2551004016
-2.6476042777
0.5550580641
-0.7788618138
0.5569216611
1.1076167008
-0.7180169785
-2.9104237701
0.7206387618
-3.2917054072
1.4715598705
0.9692095277
-1.0884267688
-2.8269752090
1.1332172605
-2.2008236128
-0.1073620833
1.0239077132
-1.3029344493
0.1944630231
-2.3784677025
0.1894351529
1.1234823210
-0.7137625343
-0.2312301651
-0.2393445824
0.5544953904
-1.4965691809
0.0928648073
0.6814985118
-0.5017834068
-0.1884735393
-0.0241310329
0.5122001875
-0.7916384038
-0.0375965329
0.8349012671
-0.3168957431
-0.2170873742
0.3812685820
-0.5030957916
-0.3320660101
1.1894073465
-0.5669426762
0.4071100574
0.2046086662
-0.3579426772
-0.4962173261
1.4701326888
0.1502194535
0.0958109297
-0.2430622885
-0.8283848764
0.7480392964
0.1332375403
0.6207388400
0.1440707073
-0.3318270425
-1.2713578010
-0.0567794675
0.3674893636
0.1373304705
0.1135347738
-0.5478557616
-0.3965562470
0.7868034887
0.4154361248
0.4114272918
0.4354712357
0.3658531065
-0.3703644954
-0.9886166201
0.0578374945
-0.0978201498
1.0118846786
0.8820600815
-0.2132231501
-7.9510824783
-0.3550048248
0.6453449452
0.1035623500
-0.3895169866
1.4968498611
0.6540249065
-0.2141911359
-6.8357155968
-0.8330240639
0.3730251529
-0.9770663086
0.9848296462
0.8457057820
-0.2135496318
-8.6498964183
-1.4541177860
-0.9750274894
0.8230867229
0.5838774569
1.3926100004
0.8852118752
-0.5476975992
-8.8366893257
-0.2907341927
0.1487816884
1.2299927643
-0.8357489310
0.4985248647
0.3826743982
-15.2128432559
-0.3088886591
0.0807245859
2.0301016127
0.1332355863
-1.9069304752
0.6315063750
-14.8853959054
-0.5644375177
-0.2278981467
2.1453830484
0.8590619780
-1.6759551704
0.7032535217
-19.2904462057
0.6293450631
-0.4332652931
0.1840210491
0.0197550927
-1.1722638202
-0.0003490637
-2.1332287523
-0.1612431191
0.5912202122
1.1516891192
-0.1370279131
0.7136240927
-18.0731235695
-2.7018369014
0.3218650278
1.0137102175
1.1175351715
-0.1147136581
-0.0562904649
-2.1255671322
0.5869540001
2.4793489236
-0.1523274440
-0.0056468283
-1.1437274783
-0.3257715761
1.2011298229
0.8641421717
0.0058147670
-1.7583902083
-0.4734029974
1.1268353373
0.5526375161
-0.3317307928
-1.5862764025
0.8472266752
-0.1180000742
0.5357472549
0.4096035359
0.3118396848
-1.4368565369
0.8874886419
-0.0688003005
0.2122836886
0.8482121329
-0.0002247440
-1.3708345323
0.3876715703
0.8048578708
0.1093288023
0.0085760231
-0.3844611616
0.3629113404
-0.9407181223
0.2867951934
0.7516403900
4.5532387216
-8.0676096682
-0.6183721942
-0.4574228124
0.4461662935
0.9942500877
-1.3701264839
-3.2609591872
-3.3348781172
3.1979259936
-0.8792731052
2.5072619061
-0.1145943017
0.0011116128
-3.6114893446
0.8598041163
2.5485780495
-2.4126329934
-1.8480503089
-0.0102577066
-4.0492754063
2.3080121074
-0.8928130943
-0.0069467236
-0.3590641678
-4.3898488545
3.6269867363
-0.6083261352
2.1762228588
-0.5883998798
-3.6747018900
0.9743033179
-1.3745117251
0.0007261079
-2.8689182492
-3.5067156423
2.0860415760
0.4385276671
1.9328983918
-0.3967226476
-4.1736971931
-3.5001645864
8.6441084555
0.0718145879
0.3849482361
1.7413381894
-0.4667523497
-5.4742177182
-3.9908035611
6.3423813191
0.9199589130
-0.5461959744
0.7942884576
-0.3565640931
-2.8721777519
5.9551465923
-0.8103901569
0.2174273128
-0.8251098702
0.2682018536
0.9696243343
-1.4924489613
0.9489912102
-0.8973401523
1.1310601897
-0.3185977956
0.6269071599
-0.1402370272
2.2314871749
-0.5210313608
-0.2596877700
-2.7422286732
2.1057286437
0.3352172557
0.0770815730
2.5280772158
-0.7920925764
0.1029439354
-2.3585007641
-2.4447844925
0.8259910008
0.1435881815
3.2806303751
-0.7885199242
0.2589375235
-1.0345573022
0.6616431717
-2.6322569557
0.2658729623
-0.8481151265
3.3884807934
0.0685508202
-0.1210485533
-0.5133827728
0.9249126484
-0.0609608477
-0.8262323785
2.9107509376
0.0871807477
0.2461039045
0.6145124827
-3.4650547417
-0.1001090354
-0.8665907235
2.3211721483
0.1911452546
0.2788324308
-3.7873201756
-0.0422530204
-0.5165268687
2.3055710778
-0.0633193678
0.5046672889
-0.5704932246
-0.3638653567
-0.4303862934
2.6675632642
-0.2432724668
0.7498509507
0.9703762552
-1.3326194857
-4.4029510453
-1.3678811223
-0.0072476321
0.6000870489
-1.4464093795
-4.7547084497
0.2000396907
-0.3177723206
0.6897804595
0.0224997694
-1.4222734090
-0.9575922897
0.1920450498
-0.3413059954
0.1441169215
0.3424231012
-0.7837335567
0.2614291705
-0.4674774169
0.7475362389
0.4106451973
-0.4329932773
-9.1573069324
-1.2566725167
0.5051028883
-0.6166484148
0.0539522285
0.3934776501
-1.3669551665
-0.2170939919
-0.8099496312
0.2515645773
0.9579751980
0.1695217452
0.5684203152
-1.5694608620
-0.5764013852
-0.3753486039
0.1243188516
-6.9089633971
1.5602852723
0.2050115413
0.9695869146
-1.3557363548
0.2258013411
-0.0681402165
1.4895845599
-0.1750990779
0.5982024372
-1.5018836804
0.1779294347
-0.8809871915
-0.7321414356
2.0651611742
0.0805917427
0.7605367878
-1.2382428924
0.7114385445
-0.9919851113
-0.7921712062
0.0643071150
0.8006315734
-0.9353897353
0.3129702470
-1.5320671924
-0.8122375764
1.5440637455
-0.7001862828
1.3367976259
-0.2054925493
0.5466212689
-0.5875289477
-2.1671586880
1.3250088013
0.4552349102
-0.3644221881
1.1323182853
-0.9951990533
-0.0082344550
-1.7492620188
0.2789907539
-0.1692928643
0.3302671117
-1.2912213152
-0.7177144120
1.2468812364
-0.4385240215
0.3654796001
0.3121536652
-1.1927392562
0.0520605630
-2.6440676886
1.9544002264
-0.3848567240
0.2852592329
-0.1099035197
-1.3774560000
-0.0777502144
1.4803472532
-0.4049283672
2.4638953167
-0.6214177105
0.3043037938
0.5057041442
-3.7286780534
-0.0351377775
2.3753946372
-1.0877309411
0.6695265116
-0.5441918078
-0.6598713915
-4.6858365838
3.6991814496
0.4791548832
2.8974344847
-0.4933369450
-0.0924520164
-1.2544373403
4.6311958463
-1.0553808436
0.1629647373
1.9879424132
-1.1643565731
0.5171123878
-2.8148030007
-0.6315364045
-0.0243059356
2.1503848836
0.7592865563
-1.6582191822
-2.4994031781
-8.0379014857
4.0073972554
-0.0693170703
-0.0657944315
1.7730185189
-2.6128784183
4.4473050877
-0.4704286939
-1.6006287628
-7.0757204236
0.2353607563
-0.6774053292
2.4550201764
-2.6276414302
2.7256104758
-0.5646563805
-1.3164440776
-7.6379123264
0.0856751135
-1.3293131804
1.0279152110
0.9188923370
-0.7238061710
-8.5438378119
0.0782646547
-1.5211391691
1.3855196630
0.5960969564
-0.3308993246
-0.7156861788
-8.0611112704
4.6807771715
-0.1025414938
-1.1647102500
1.4133744282
0.7433799943
0.7352941589
-0.7638828185
-8.7152099537
-0.2893095560
2.2667304122
-4.9154802800
0.3112950746
0.2375346768
-0.6443798530
-1.5291873511
1.2982723304
0.0628037413
0.0467811611
-0.4056474679
-8.3209967840
5.8905404006
-1.4785031925
1.2253363617
-0.1919759304
-0.6106310047
4.6761154549
-0.0278541178
1.7507662117
-9.4535578880
-0.0050648531
-1.0727368880
-0.3957219071
4.5316630970
-0.0105647095
1.6937973159
-10.8572438016
0.0242635173
-0.1730550828
-10.9202492104
4.3736570522
0.1278335086
1.7846008458
-13.0786871098
0.3865153196
-2.3289704356
-2.2425860827
2.8686134411
-1.0903994903
1.2573302778
0.6103728189
-3.6075501764
-3.1505067171
2.3340905516
-1.0624660129
1.2196635076
-0.1508046200
0.7394196913
-2.9445356985
-2.3523188789
-13.0486378660
2.3368640882
-1.5695575493
1.4532026793
0.3033698836
-0.2395190656
-10.6282919224
5.4201207555
-1.5231189838
0.7310777482
0.2751556319
0.4964435930
-0.3876878673
-1.0308817076
1.4158184391
0.0008073305
2.5060156802
-0.7721208803
-2.4866049839
-12.3778964008
2.3994144551
-1.0895482604
1.4079062199
0.2131376413
-0.2240986612
-2.7015492027
2.1819955003
-1.3580887233
0.8025707678
0.3383175772
1.0928544192
-1.5889989463
-10.2455823439
3.4520340703
-0.9950021273
1.0920527298
0.1464268913
1.5960113835
-0.9280444677
-9.6281139055
3.2964614560
-0.8680726228
1.2211316903
-0.1779031938
0.2703406830
-2.2246554410
0.7023840055
-1.4735235160
1.1820014294
-0.0561476044
1.1864435556
0.2641373757
-1.2137647274
-5.6160691587
0.1346901055
-1.6707580424
1.1000981068
0.0424302026
0.2680160786
-0.3198673041
-5.5419001767
0.9135923004
-1.0307465393
-0.6453179746
1.7847453600
0.8985687331
0.9377012866
0.1579702769
-0.3806503536
-3.9133099041
-0.4928268451
1.6379667894
0.0869589376
0.2902831925
0.3543821957
-0.0258980218
-3.3347115065
-1.5670183694
-0.0420568178
1.3565233498
0.0211369799
0.4756798423
-0.0630859755
-1.7405540760
0.5828868850
-1.3616645532
0.5050862105
1.5987099261
0.1780710959
0.2198726300
-0.1206969706
-0.0429694575
-1.1472678054
0.7319920318
1.8703254616
0.0786049712
-0.3903053224
0.0369782536
-0.2098839625
0.4261246796
-0.0227087816
-1.4779596798
0.3845308514
1.9436639338
-0.5428499393
0.1889315221
0.0532036494
-1.4444860081
1.1127660937
0.3544072262
2.1305774419
0.2914763240
-0.4050098101
-0.4721318686
0.9497079779
-0.3432653009
-1.0557575681
1.1338241155
0.2900339226
1.8971974979
-0.3552810097
-1.7642442279
2.6014946767
-0.3320979331
-0.3091482226
0.9184535824
-0.1856874989
1.7509338370
-0.8110338225
0.2487184376
-0.7614255106
-2.8252790713
2.2807764715
-0.4228967063
0.4002760460
1.5760979839
-1.2763972964
0.5928589105
-0.2022137119
-1.7099169885
2.6001193794
0.3256634149
0.5148942362
-0.9465603746
1.8594411677
-0.6236195468
-0.7662142509
-0.9275965227
-2.2844780104
2.7331274919
-0.0224834618
0.2675326861
-1.7388090715
2.0413880752
-0.2186821201
-1.3064427817
-1.3253770523
1.3500235911
0.6278578231
0.3279347202
-2.0289227469
2.1798498116
-0.4736196149
-0.5164544290
-0.6595742762
2.2720863732
0.1739497714
-0.5328892423
-2.1863285323
0.9629494616
0.4518636312
-0.7531304667
-0.2548919894
2.1593342553
0.2716965182
-1.1032449592
-2.0591473238
1.2324885515
0.9487678384
0.5588548649
-2.1317399376
1.6046165265
-0.1908375844
-2.4835417991
-0.4374564490
-2.6990336641
0.7711986416
0.6169354771
0.3238324370
-1.9928073632
1.8683318546
-0.9437780168
-0.1136324031
-3.0558841191
0.2840263573
0.5610465471
3.2126489517
-0.9048935994
-0.3347259087
-0.6612332412
-0.6886833797
-2.8255322798
0.2687830675
1.6755841854
0.6310269729
-1.5777271998
6.0410335601
-0.5459117176
-1.5932427606
0.0089036212
-0.8785421182
-2.9018530414
-0.4082674280
2.1800329963
0.3121013068
-1.9819734220
7.0090661284
-0.3279598971
-1.5975335194
0.4790394759
-0.3578529906
-3.0303911665
-0.6355943984
3.2143548182
0.5606589880
-1.2834873029
0.5872397046
-0.9718353539
0.1278875900
-3.6559313902
-1.0697601502
3.5073249478
0.3967168557
-0.9910645181
6.0412940227
-0.7528993179
0.1135871983
-0.9328771660
-4.1150605452
4.0209540502
0.4399326561
-0.6399231853
-0.1857276918
-0.4747460844
0.6123183324
-0.8654605189
-4.0153935273
-0.8350566752
3.3723315861
0.4673562020
-0.8045015082
3.0078045276
-0.4525953828
-1.4797070055
0.2300874178
-0.5190323755
-0.1627862735
0.7147235628
2.5601259323
-0.4288578647
-0.5295843839
0.1464307564
-0.2335932511
-0.1404632427
0.6172239718
1.4528189175
-0.7482363818
-0.4566992930
-0.4523492310
0.7484238406
-0.3691782149
0.2599946329
1.2386673883
-0.9715384569
0.5344289966
-0.3853600928
0.7791056290
-0.0231093679
-0.1970437339
0.8318780441
-1.0533543594
0.3041930116
-0.3060224353
0.6187791328
0.7673230421
0.2311555036
0.1406618526
-1.3939484663
0.0424643376
-0.1788962716
0.3568819169
-1.3653956718
0.4378376737
0.0643039685
-0.0874221515
0.5878932002
-0.5497218932
0.4331716000
-0.8451902353
0.5255690678
-0.1003889279
0.3975126156
1.2043439086
-0.3023530247
1.1736935104
-0.2541589875
-1.6139132799
0.5248814750
0.0013851634
0.7670558694
1.5318887356
-0.2426632431
1.6894077241
-0.3760977915
-0.7889372219
0.8529252866
-0.9086840632
1.6107628431
1.3118721724
-0.5645292554
1.3748166298
-0.8210357266
2.1721636953
0.9160669890
0.1744048019
1.8708983632
-0.9142441664
-0.0874309660
0.6258691613
-3.1775088167
2.2565175616
-0.4691428914
1.7683689053
0.8930480457
-2.2132993716
0.0743340399
0.2538453309
-3.9838223082
1.9280825980
-1.5293159981
0.2209616278
1.8337120596
-2.5151896269
0.1869731230
0.5727034431
-6.4382655668
1.5881316245
-0.1003873263
2.2007653301
-2.6236958865
0.6384263656
0.2596378770
-7.0610443584
-0.7768062507
-0.5815230603
-0.0056429174
1.6868643216
0.9327383201
0.1721480705
-7.1366034039
-0.7172901189
-0.2946847279
0.2152345165
0.9354453010
-3.5936073844
-0.0656042667
0.5243182648
-7.6740819711
0.8156423132
0.0909192925
1.0656078861
-4.1456458389
-0.0677469032
0.9628436255
-8.7841606410
-3.6858818718
0.8542768507
0.0257457984
0.6257855801
0.6679313067
-10.7440532671
-4.0993098733
1.2354229447
2.0944052035
-0.6201853166
0.1841521053
-5.1399642351
0.3671214839
0.2681646674
-9.3772329637
-4.4855903309
1.8900619017
2.6374552205
-0.8654716036
0.4620746986
-6.3844004781
0.1827986461
0.7063755035
-7.5943925252
-3.6826461504
2.3799284195
1.9467049236
-0.8458914573
0.5504565363
-0.1260985921
-6.5582959681
0.1428401413
0.8362951726
-8.5800274788
-3.8994044382
4.6020616119
0.4345495231
-2.1413534827
0.8507802124
0.6834863265
-4.7735436299
0.4806556363
-6.9398175069
-3.6065105423
5.2369409069
0.5890713801
-1.7749752901
0.7516389673
-5.7095759172
0.1816502682
-8.5567024399
-5.0833664285
3.4449019542
0.0080781124
0.5358023191
-10.5035098358
-3.7310814229
4.7776620864
-0.4094294623
1.5175389644
0.8281483490
-0.6859683183
-11.0598729468
-3.7785360754
5.5173760236
0.7418453479
-2.2394087203
0.5536500417
0.3777364815
-0.3114569562
-11.9942216428
7.8189435551
1.3709256696
-7.2704474503
-0.0465212985
-0.5254410683
-11.9447316727
8.1496298013
1.4644874437
-7.0922903444
1.9208710053
-0.7496392351
-11.2044055322
-0.8516576645
8.6886555123
0.6747737392
0.1319321601
-7.2323739722
2.1289949739
-0.7585073335
-10.9942346105
-0.7870388398
8.4756009476
1.5380781990
-5.2677389856
1.4030992603
-1.0467328082
-14.4910865139
-1.4412418260
7.6657479983
0.4773244409
0.2341673966
-5.2984428549
0.9780693338
-1.1979450137
-13.6298611523
-1.6020737125
8.0907348459
2.0581867099
-2.3812404294
-0.1539421908
-10.9386707062
-0.1763957649
9.5292433147
0.3484160580
0.3615328687
-3.5989279300
-0.3419565935
-13.1243488173
0.1920603619
8.1776061874
0.0456620193
0.5911097945
-3.6760386859
0.2346544399
-0.4848160767
-17.9365619649
6.2523822188
-0.4808575374
0.5230450255
0.4434851462
-0.1685098800
-15.1983235916
-1.2061146373
7.6980844478
0.3621220677
0.2710074956
-3.9522902091
0.8832699529
-0.5876365892
-13.7479499611
-0.9751972960
0.8346039641
-2.8097566762
-0.1222208215
-0.3876044368
-17.0796115135
0.4175604310
6.3317321794
-0.4045251588
0.5059681023
3.6303996294
-2.8143530602
-0.1656388960
0.0894015477
-15.9807599700
0.2385279278
5.7170043105
0.8815783551
-2.4748051227
-0.3509923777
0.8713034784
-16.5451133200
0.2212612966
5.1119778586
0.0968911701
0.7281954855
-2.2572039715
-0.9379470385
1.0273524652
-13.1152403348
0.1465977523
4.0631602704
-0.0636625759
0.9875738484
-2.0103492389
0.0055663122
1.4624849379
-13.3449666361
-0.0479766668
5.1297817831
0.2133964176
1.1323896919
-0.5845636870
-2.0316917373
-0.8793984578
1.7134996408
-0.0518884530
5.2305329875
0.6398592335
-2.2443282680
-0.6665731449
-12.8225512671
1.4483396687
4.5769890423
0.0850696889
-0.0981145842
-0.6973555522
-15.0467253909
1.1821753729
7.2450806580
0.3617722457
0.1598784567
-4.8645318730
-0.8495967595
1.5095621393
1.3405765553
0.1161721694
-0.0436485557
-0.5066847676
0.8826697608
-0.5884790062
2.9265827988
0.4819029324
-3.9987335267
-0.7885598168
0.6832829152
2.2944444875
0.4599703284
1.3784504609
-1.1753326680
-0.6679510951
0.0272185370
1.6311648727
-0.0659671414
0.2640842234
1.1113323762
-0.9949843429
-0.0469709304
-7.5015291548
4.2352604888
0.7279230955
0.5386967370
-3.9669604887
0.6750191414
-1.4066978378
-0.6130755851
0.8387241436
-5.3161811040
6.7273394236
0.4262475339
0.5732681975
-4.4011745770
1.5806697103
-0.6212304142
0.2601826303
0.5628350416
-3.5390642988
0.2628146924
1.5906126744
-0.8814076444
-0.0872385732
-1.9159419268
1.6525851985
0.7045377894
0.1644153089
0.6893043110
2.7910699389
-2.7043462889
0.1002459327
-0.7256752534
-2.3728898329
2.6052497293
-0.2342166721
0.1140388722
0.5322109432
-2.5476372519
-0.1372320272
0.3705482693
-2.5906948517
2.4018931401
-1.0937889560
0.4854416006
2.0113704147
-1.0243466218
-0.2701479700
-0.0875852021
-2.8690579206
2.9971665691
9.0696674100
-1.3041430170
0.0955482450
1.9175176163
-1.6066426859
0.2833925642
0.4402119397
-2.0856001490
2.4323358766
-1.6081017825
0.6423850368
-0.2414437740
1.5058597439
-1.7776391170
-0.2902168172
-0.1415962175
-2.1330655463
3.1395673389
13.5812435130
-1.9049988406
-0.1270271207
1.0155103159
-1.8897779756
0.2104393772
0.6106492007
-2.0118868068
3.0493658916
-0.9609714667
0.5395769706
-0.7280459473
0.9595765509
-4.0667372213
0.0279693793
0.5612671409
-1.7690823819
0.2243023699
-0.7393823961
0.2275921425
-5.7933539965
0.8429354735
0.6219583267
-2.1382785525
1.8146262529
-3.3911330765
0.5665404168
-0.3592259603
-0.3897413097
-6.3503155786
1.3156950521
0.6192392211
-1.9626767223
1.7791120218
-3.6879937790
0.9454871191
0.0038809370
-0.0792234154
-5.8257983863
0.9478232352
-1.3264725522
1.7790635141
-4.4923351272
0.3184915674
1.1808647747
-0.7714583484
-3.9253782958
0.6644483709
-2.3136307846
-0.0235830683
-0.3777203811
1.0259893976
6.1950213577
-5.0688873266
0.3448708609
0.4859195297
-1.5081501723
0.3115326886
-0.0584355066
1.1249222570
-6.7153871997
0.0612022967
0.3511165292
-0.4654178135
-0.0397249834
0.5935495975
2.1471295989
-6.9855316228
-1.4945596268
0.8834660598
0.5799108697
-0.2527878347
0.9625908154
-5.8622840009
-3.7519604751
0.8415150015
0.3523738892
1.1275220885
-0.8479959722
-0.8231080685
-2.7145294061
0.7870217918
0.1132267176
1.1823400451
-2.1986417879
0.0221038734
-1.9098548437
0.5631548091
0.1024173403
1.7632695767
-2.5753365859
0.3039597594
-2.6499929236
0.3549634717
-0.0638003189
2.9848442841
-0.6145129390
-3.7280199070
2.8656527293
-0.7784423242
0.3519621172
-0.4867597324
2.7623604492
2.4789057108
-0.2433267714
-0.8315752643
0.1750487299
-0.5124391669
1.8010402452
-0.8567035165
3.1998471906
-1.7456263672
0.4725037606
3.5797195608
-0.5772432778
0.2029996127
4.3319822612
0.3580324566
-1.2791626214
-0.0978139684
0.1564363747
3.3245200726
-1.3699978998
-0.3671396482
-0.0045849657
-0.6698347202
3.2849683000
-1.5547474567
0.1104453797
5.3387512307
0.6704380405
-0.9361867304
-0.4472420250
3.5358762841
-1.2514208600
5.4011903136
0.5020882016
-0.7622556139
0.1960239013
-0.5255258601
0.3612309011
-0.4797055875
0.1653388982
3.0591769356
-1.3259985877
3.6998131024
0.0787630377
-0.4689902114
0.1203095187
-1.8765649554
-1.1874709158
-0.2669599054
0.7096902754
-0.1115419190
-2.3024520616
1.9238572692
-0.8451722802
-2.2738758307
1.0152368959
1.5209026011
0.1281788185
1.8608893488
-2.5252746198
0.0157692774
-1.1013263355
2.1264030004
0.3660818259
-0.0595612542
1.9128158501
-1.7399824083
-3.6337060276
3.3537287140
-0.5564934849
-1.2289571255
2.2011064999
0.8679249044
0.2871557618
-1.3022265746
-4.4345351469
3.2687179962
-0.2777083392
-0.8664871566
2.3759258035
0.6646224274
0.4595272536
1.3414841123
-1.4159329849
-6.1198029898
0.2707204266
-0.7272666729
0.5614598759
0.3644826827
1.1727141569
-0.9578691427
-8.3505063151
0.3796517667
-0.0242017793
0.1688925132
-0.6894080707
0.6694218143
0.0895255560
0.9386302128
0.4109534016
-0.2312040753
-0.9157999267
-0.3860245044
0.4360314514
-0.0483947308
0.5612359182
0.3057858953
-0.4477263642
1.3745514242
-0.5498667863
-0.6841144185
0.6849686307
0.6119868678
0.2111012000
-0.2728742544
-1.1103359389
0.5508932252
-0.3100089372
0.0178210091
0.9526764807
-0.4132182114
0.7861597356
-0.0139877200
0.0496420629
-0.2003468245
0.6790128713
0.1869126364
-0.3109292892
0.5621015920
-0.7223052361
-0.0984639765
0.4935399352
-0.0519240663
-0.0993635150
0.4463861168
-0.6413342793
-0.9532348604
0.3457151830
0.1722732005
1.1925544245
-0.0339742068
-5.6513963131
0.4141141370
0.2715910253
0.6583983473
-0.4373220291
0.2107482741
-7.9219649758
-0.0674134793
0.1604838285
-0.1360958859
-0.3546047522
1.4702946264
0.0514948750
0.9044842925
-2.3628281251
0.0286283447
2.0573715472
-9.5322368090
-0.1787174351
-1.1594313048
-0.4249076155
6.5576540646
-0.3020169678
0.0767567681
0.2931704385
0.1716007300
-0.9506095356
-0.2012024257
6.2416920872
-0.9495107816
-0.3264153885
0.2414833945
-0.2999969668
5.5084820840
-0.5455923534
-0.5134192355
-0.1068703125
0.6555991485
-0.5075723245
4.6731318172
-0.0582098324
-0.4288308477
-0.6092545924
0.8278821330
0.4058680623
-2.4094659189
-0.2364393232
-0.2276049969
-0.1439377716
0.3938614786
0.0820871641
-3.2767639533
1.7096899857
-0.6219701317
0.0059569673
0.0398794332
-0.0213276079
-0.1868885375
-4.1359363725
2.4699227069
0.1211833797
-0.8179236169
2.2282435053
-0.0480928533
0.2946473300
-3.6521838013
4.6194039383
-2.2414711746
-0.8245571817
1.9763781782
0.0402740921
0.1205655399
-3.6907236601
4.1844039419
-3.0104020374
0.1233402374
-1.0154540151
0.6327354896
1.5293934619
-0.1799650007
0.3712167647
-3.5531841059
0.0049456041
-0.4782674296
-0.2548537031
2.1787859839
-0.1029495297
0.1580832272
-3.7412030139
-0.5673634805
-0.4715150903
1.7863557706
0.7254585462
-0.5561587398
1.6015267354
-3.5246428497
-3.3313385648
-0.3961174246
-0.9242841526
-0.0908620913
1.8256792561
0.5715744233
-0.2051871936
0.3208294976
-3.9799627129
4.4228062152
-0.4020138339
0.1599405304
2.0547817600
-0.8314458984
-0.2193662294
-0.5111411318
-2.7243183242
4.2281541793
0.2531704991
4.4248743140
-0.7111615856
-0.1876966322
1.4455316488
-0.5042520017
-0.2264945052
-0.5890833800
0.6127951490
3.3013592010
-0.5441145521
1.2747910183
-0.7020739610
0.5326347318
-2.2577682972
-0.0172900857
-0.0630676200
2.6553069662
-0.5804783852
0.6972427042
-0.9938970446
0.0441221727
-1.6764059593
0.7337727952
-0.1363286511
2.7301270561
-0.6310013765
0.8979097379
-1.2384281236
0.5478970102
-1.0936010447
0.2786150982
-0.4847310372
2.6656897405
-0.3607834210
1.1529398863
-1.5154656327
1.1256882554
-0.8824482796
-0.4081678466
-0.6981292610
2.0273198248
-0.6946164644
1.2409704793
-0.7635136652
1.7722186754
-0.8331950210
-3.3176945427
0.3457369432
-0.6576949933
2.0549788474
-0.8173570491
1.7127934960
-1.8817435665
-0.7195333613
0.2907585122
0.1957468216
0.8869359047
-1.1204260466
1.3764875628
-1.6383683560
0.2131314436
-0.1635136663
-5.7837803774
-0.2449214341
0.8776100255
-0.6382899547
1.9462557158
-0.3448576500
0.5534874788
-0.7493174992
-6.7537470859
-0.1913798911
0.7938275824
0.0318387939
2.4201827778
-1.0720250677
0.7294093008
-0.5965100082
-0.6537643616
-0.2404127850
-0.9697283704
1.5920031800
2.7234878352
-0.7775489281
-5.4443855078
-0.0831462114
-0.1254171202
2.0454784972
2.7397968299
-0.8684333845
-4.9899709401
-1.7555544673
0.0736303563
-0.0309477727
-0.6392323390
-0.0216738378
-4.0051282909
-0.1272097574
1.1225475631
0.6123977802
2.0012249899
-6.1938483184
-0.3839021354
-0.2655826017
-0.4624195530
0.5811729838
0.5213804077
1.9421745406
-6.8205454295
-0.2921414472
0.6816007441
-0.0929455195
-4.5977217366
-0.5910106260
-0.1065033544
1.1425062556
-9.0750388782
0.2936947373
0.7253472537
0.1041791057
-3.9385899718
-0.3702937909
0.2389748915
-7.8579689540
0.4610484562
0.7054240505
-0.5592836386
-0.7071074617
-0.4117942777
0.2435254614
1.6057072693
-0.5207835775
-6.7336319054
0.0116283122
-0.1242017769
-0.7365046930
1.9407807895
-0.0259056533
-1.2321368382
0.7729217484
-1.0215151196
1.4129312520
0.0787468115
0.0954275580
-6.3382116511
0.7702651196
-0.8569183243
0.6409846749
-0.4669606178
0.3756124151
-1.3284935661
0.8999408157
0.2717608136
0.4020049094
-0.6343190502
0.0099075882
-0.1343017978
-6.4235949852
0.3423814890
-0.1592943807
0.9881319378
-6.8782776225
-1.9786582042
0.7280756633
0.1374408367
-0.1485594780
-3.1541312441
0.9909498010
0.1769633560
-0.1869198640
0.3978138209
-3.5787210252
1.0582199165
-0.2085957668
-0.0945346336
0.2713634970
-4.3735135731
1.5880986735
0.0088671537
-0.1845095060
0.6129156030
-5.3397996125
1.7148600811
-0.0091765966
-0.1736762850
0.3856327760
-5.0115216412
1.5081434558
0.0093725621
0.3878403452
0.4625760891
-4.9194004556
1.6293195737
0.6531719834
-0.5243653265
-8.3620677435
0.8451079486
-0.5449527975
-3.7295821953
0.3488599580
2.4526299833
0.0163143124
-5.1032288796
0.4049257780
1.0203121327
-0.0131400701
-5.5188432056
0.9112287026
2.6870301193
-0.9300638002
0.0260481834
-3.6969254514
2.2212297708
0.4603183774
-5.6579979001
0.9027666950
2.1504787801
-2.9405622915
-0.0052823547
-0.9854738919
0.8488856475
-0.7718815467
0.4257106751
-3.2829504959
-0.2350985259
0.0452014381
1.7128004306
-2.1687173787
-0.4371006886
-0.2710514389
1.3846591223
-0.8165357139
-0.5284751403
-0.1014427920
0.0781907305
-0.2142080227
0.0754145384
0.0618216807
-6.2961828643
1.4841971965
-0.0059337104
0.2434776517
-0.3526159106
0.5480840314
-1.6997659010
-0.1009600014
0.7698819987
-1.7466726029
-0.0997798709
0.0533436510
0.1558078337
0.4827814007
-0.7519684540
0.0060770186
-0.4536120787
-0.7611624337
0.4158822579
1.3410652837
-1.5656004387
-0.6972794804
4.6808866613
-0.7007940403
-0.3060823474
1.5563140973
1.7086638669
0.6708862192
-2.9891489772
3.7186092425
-2.6913254471
0.4013937778
-2.9885461367
-0.2627935256
-5.1287754299
1.8020046762
-2.9121993169
-0.9934228729
0.5474906114
0.7520293926
0.6238720253
-4.5323074910
1.8891292854
-2.5270693843
1.6932242979
2.6604138022
-1.3926248530
0.5576688068
-3.6308755210
1.9289912466
-3.2441994958
0.1835428248
1.9499500978
5.0742470880
-1.4944406173
0.7328157695
-3.4011811726
0.8411140957
-2.7641182148
0.4011937628
5.2705267037
-1.3745252027
3.1334423273
-1.0834194523
-2.2229038527
0.3907958843
3.8925676067
3.2374276869
-1.7706749052
1.3889918559
-0.7345683880
0.6425003742
3.9882937450
-0.5968135060
2.8772867460
-0.6431381678
0.2519142526
0.8139184862
-1.5417115065
1.8841013963
-0.7915726426
-0.1859363914
0.6202932956
0.6824055032
0.4503008897
-1.5848903954
3.1256124530
0.6533005487
-1.1127807380
-3.0669379677
0.6616651501
0.2161136907
-0.6734576344
-2.1790605640
0.5493860711
-2.4910265833
0.1580643952
0.7428945447
-3.3933286540
2.0997084380
-0.5626217205
-3.1351220797
0.7482362439
-0.1618668216
0.4922033430
-0.9974474598
-3.2573348608
3.0796666907
0.8041211881
-1.0374820794
-3.6050597615
0.2467768599
0.0657095513
0.2241876072
-1.5609503652
2.7178436823
-0.1986521158
-0.0632178514
-4.3006443530
0.1944028238
0.2763011417
0.1522699083
-1.6565871810
-0.7373862822
0.7823394284
0.5637906440
0.0597493782
-1.7604190201
0.2747792090
0.0996438858
-0.2967739546
-0.3782829375
0.4738913058
0.1908967756
-2.2351913133
0.5952636074
2.7535673092
0.3286886474
-1.2005365396
-0.2351000505
0.3969708404
0.1215797118
0.6511374087
-0.7764096405
0.0435295731
0.0364160452
-0.2038760651
0.9487726067
1.4264860363
-1.8600041439
-0.3935053957
0.2181241144
-0.8424018642
0.5168884944
0.8053330413
-0.3427829605
-2.2151847938
-0.5536687862
0.5651019017
-1.2211524767
2.6978889782
0.5618530775
0.8451551520
-0.0327288546
-3.0519922320
-0.4563153175
1.0886175981
-1.7908650241
2.9829369934
0.2266869401
1.0384185530
-0.2967145123
-3.7444732452
-0.1175693046
1.5527248431
-1.6725289921
2.5424733835
-0.6038764732
1.4537655117
-0.3326029259
-3.9990079109
-0.4453529302
2.0816654586
1.9653783052
-0.6202812270
0.5808020984
0.2861928353
0.1664002342
-4.2905343388
-0.7476210392
1.9463120774
-0.5667754026
2.1034806392
-0.9244923071
0.7397187331
0.5128021625
0.9511230464
-3.6969656072
-0.3414185518
1.3506306972
0.3560468180
2.5444386248
0.2132003990
-0.0496616402
1.5933525563
-10.9296713075
-3.4135412085
-0.1740023484
-1.5124504814
-1.7985112043
0.1574879908
1.0962574939
-10.3430675302
-0.2575867404
6.6915169864
-0.9385281491
-1.5572623324
0.6025538359
0.6662838715
1.8156608930
-9.5795405586
-0.6401629412
5.9536994136
0.1845005581
-0.1543149316
0.0047442969
0.7454150421
-11.5034988740
-0.7827061316
4.8865642206
0.8305633856
1.0431138838
-3.1057653511
3.7429386510
-0.4902436768
4.3781306246
-13.4777335903
-2.4906744923
6.3357461938
-2.3190589077
-0.2101169115
0.7827975654
-0.8530467099
-4.4578989873
-2.6804494197
6.6173750246
2.1472877077
0.3799327308
-0.5551202413
-1.6965983749
-2.9087012796
10.5183867898
1.7006629523
-0.0358835943
-0.5768413681
1.2547418511
-2.2660014997
-9.7701074265
13.9010197254
0.4397867337
1.2226829314
0.2625734087
0.3578153034
-2.3963872075
4.2882335640
-11.9524705394
-3.6851946408
11.8770347212
-0.2881767465
-2.7295563514
-3.7576830047
0.8154305929
2.8821046277
-0.0920336248
1.3882144297
-1.7456571425
-10.8338229415
-3.6977476253
9.0856465530
1.0809937187
-2.3987269995
-0.9269822767
1.8107200413
0.4509297601
-3.3711768482
-13.0995329112
-5.3538811257
4.8569294526
2.0987908114
-0.0940643919
-3.1797249302
1.1707242357
-3.8215543911
-0.6097425257
-0.6102690547
0.0132663169
-12.2228958600
-5.3644019659
2.3962127972
0.3341834387
0.1766273053
-2.6707522094
2.4636454114
-4.3601874420
-1.9574169808
6.9051820905
-2.1914272649
-4.0324044329
1.6937007448
4.1993380786
-5.5223392732
2.9449443122
-3.8069120196
0.2874685379
0.0879373670
0.5890902265
-4.4322683814
0.8201838904
-2.3086396988
-4.1792694598
1.5795619978
4.4188042639
-9.7059560215
4.1942029821
-5.3697668838
0.2593587940
0.1931334884
1.9294030437
-4.8949179109
-3.8432919663
8.3837458807
-1.1387054070
-3.6992143595
-12.4458621307
1.2992479737
-10.7496016538
5.2037077595
-3.3692815661
0.8236582470
0.4549297697
0.2741099933
-4.7448881003
-3.2502040283
8.5802824147
0.4492178042
-3.6713080826
-14.1505744743
1.9422404126
-11.3794959668
5.8601407300
-2.6961552916
1.2149320058
0.0141251285
-0.6176949862
-5.1994271343
7.6384551330
0.3670963105
-3.2133126963
-14.7006468284
-8.9713944014
1.4115680854
-11.0450925651
4.8983762651
-0.9753315070
2.1939670730
0.5748305898
-0.9679759968
-5.1396057093
-0.2835929084
8.5913686898
2.0296850644
-4.3280137772
-17.5923419183
-11.0611683590
-0.5207514026
-11.1645510125
3.6258770425
-0.2990845404
1.2014572201
0.4700318951
-1.4035525090
1.3360819797
7.8883071586
-0.3711755553
-4.0308973739
-17.7163067665
-12.9134215566
-0.0403898678
4.6765844906
-10.9565358352
4.8982278652
1.3470377470
0.5704801724
1.0973722504
0.1076035152
0.7104103247
-0.7331804893
-5.0690559158
-13.5703760809
0.9994807058
3.9115426315
-12.0146808053
2.1407424805
3.7826822007
-0.1915574049
-0.6325482247
2.0291460981
-0.2655413976
-0.3407707140
0.6644605235
-4.3169596526
-14.3094890236
0.9864874534
4.0759502140
-10.5580663171
4.5053789445
-1.9730015617
0.1170626500
5.0741803159
-7.9586914846
0.7327366156
-4.6529438801
1.4523536237
-10.3901152002
3.9027895175
6.5616826657
-0.6117231417
-0.1813232782
0.6832477429
-5.9347196615
3.4766860487
-9.1695465810
-5.5222378610
-9.5038633469
3.2728304899
5.1654626738
-0.9701939018
-1.4314371716
1.0473682336
-7.0393836737
-11.8913002290
-5.3175109948
0.2241750761
-10.2295170744
3.9831168235
0.2964939983
-0.3521033043
4.8504450774
0.7161226521
-6.6313715845
1.6738691671
-14.1925700292
-4.0630201913
0.2370554565
-9.4395427627
4.0926570005
1.1231506862
0.9051270282
-0.3467371834
-6.9193015392
5.3334443485
-4.6518347002
-9.4907904101
1.5906612229
0.1425553788
0.2800120356
-8.1192672380
-0.3456794225
5.7450047298
-1.4261623809
0.1034285094
-8.3698236684
2.6042384548
2.4694085823
-0.5269852820
0.3061015694
-6.8176347196
-0.4289714500
7.1690844495
0.4826755767
-0.9312357607
-9.5022186798
3.9559042467
-0.8056517904
0.1984876924
-0.3056151086
-6.7927392585
6.9484023882
1.0125744094
-1.6814653843
-13.1549078349
-0.0342502967
3.0653274303
-3.4258296152
0.1874017193
-0.8568461101
5.5733016235
0.5972748787
2.5257216817
-0.0364291859
-13.0061607418
0.5730360712
4.7145091820
-1.8417222201
-0.4356079422
-0.4350613871
4.9413373175
0.1492360020
4.8252986674
2.5164930468
-11.9859005256
6.7188990383
-1.8225659697
-0.5978976299
-0.9832039200
3.3043911528
3.1983278877
-1.0819074198
4.6072088260
2.4511590180
-14.4432679202
-1.1548662940
5.2018762095
-2.4626226342
0.0367897910
-0.6547231644
0.3117749278
-7.6191458381
0.8973447576
-0.5129621740
2.8932279794
0.0224020872
3.8901559146
-13.4414699686
-0.8803890912
5.9459647295
-0.5548618171
-0.2415696243
0.9022391865
-0.0471521317
-0.4539875194
-0.2280546087
0.7185493709
0.4300769774
-14.4072799931
-1.2858182527
3.0190564324
-1.3090621430
0.3435728117
-1.2558464494
2.0476507269
0.5647042135
3.9836345387
0.1182291765
1.2100440202
1.3777723494
-13.7873143842
-0.9737595104
1.7730668282
-0.8568668289
-5.0983525866
-0.9053137975
3.2620336118
3.2250411250
2.6110087772
3.3480000652
-15.0607521065
4.8947560648
-0.8684242824
-1.0526437372
-0.1066180586
-0.8130804189
0.7411706420
1.0848989128
4.5900670429
3.5829078161
0.9332509401
-15.6050949407
0.2525593253
3.8841943994
-5.1626402093
-0.6721302939
-0.6088381954
-0.4559848490
1.4853479425
-2.2788112253
1.2824662541
0.5753132515
3.7494946848
1.2103226295
-14.6151331108
-0.0671885723
2.7025176111
-2.3131409084
-1.5932369746
-1.1708008539
-0.0469490786
0.6616112732
0.4834281878
0.3628831733
3.1344773419
1.6568050563
-12.7617522772
-0.1098589744
-6.5026431815
2.2314181392
-2.1324467147
0.7037451908
-2.1383903226
-0.4663081566
0.2059896624
3.2807432137
0.3758371288
2.6663917376
0.8257991687
-13.6933029026
-1.6415510151
-6.2729255673
3.8619217831
0.9901668842
-1.4705087858
-2.7610025045
0.5645168708
0.5854814917
-1.8084092315
2.9009012542
0.7410693943
1.2530164866
0.1276097673
-12.2512857046
3.8369103315
-1.7727226493
-3.6200506772
-0.7029276850
6.9598057156
-8.6501311801
2.2038113955
-0.5519959696
-0.9569411511
2.1704156470
3.8021070380
0.2805749464
0.0898179034
-10.0518614618
-0.5087874844
1.4323694411
-4.6487195469
-4.8882821736
-0.3870703127
0.4758948774
-10.5856871793
0.2264708834
2.9764140510
-1.7000266027
2.5225729273
0.9234537968
-0.1692207880
0.5216642151
-12.5340401765
3.8844873944
-1.1732573740
-2.8372123463
-0.1287764841
0.7066506323
-8.6725232017
1.8752979331
-1.1709315920
3.3228271743
-2.1351893553
2.8569997585
-0.4277653502
-0.7593346930
0.4003719076
-11.2499189882
-3.9747164460
2.5311308469
-0.6481930257
0.1559517124
-0.1873918639
-0.3879626149
-8.2936093365
0.5339667635
-1.1458921316
0.9417896809
0.8804338543
-0.2021874412
0.7751289952
-11.9637693300
1.0613637853
-3.1303060985
4.9434120441
-2.8908082486
0.0706528843
-1.3750262192
0.2663684661
-7.0514000114
0.3641190389
-1.3275579942
0.5029934534
2.5153638319
-1.9086207184
0.6303679620
-15.2182093420
-0.1258187032
2.2057442811
-1.7263399938
0.8674751918
-4.4913739080
-2.0884351094
0.3004632363
0.1299669947
2.4123889161
0.7145230031
0.5234278920
-17.5854579299
-1.1866630012
-5.1699400902
0.9154892598
1.0200161306
-0.4467592400
1.0393730052
-0.0390883757
-0.2363408615
-0.5424724592
0.9907381796
0.4081457994
-18.4548099799
-0.9084161920
1.3121259396
0.5993444591
-3.0290183791
-6.1371273640
-0.7214972257
-0.3169853982
1.0325178723
0.3681690899
-1.7663597903
0.7327236600
0.6011019099
-17.1942611884
-0.9889255743
1.5877536338
1.5334308767
-4.6174272498
-2.2705223644
1.4244660146
0.6532269043
2.4257694536
0.7971504149
-0.1569045227
1.8105526290
-15.6816525501
0.0619127441
-3.1455698555
4.1117957293
-2.2105034483
-0.5757651750
-1.4537048301
0.3018942024
1.6190444818
-4.4367139740
-0.4542629800
2.2320847824
0.3011342775
-15.0060853111
0.2137322476
3.5965578454
-3.0012297939
0.2833216841
-2.6511534792
0.2926737057
1.5501827075
-4.3685512031
-0.0438276207
1.4409962335
1.2821454035
-0.6507049174
-15.2395185565
-0.2660642493
0.5416800197
-7.9463120904
0.3260922662
-2.2300245629
-0.6503851246
-6.2311867313
1.3528394154
-4.3447664143
1.0807469534
3.4182562564
1.9714346302
1.8478254948
-0.1451642062
0.7347451190
-14.3329649108
-0.2558630140
-4.2622650488
2.7058230943
-5.7456425986
-1.5685277782
-2.0719350402
0.5332801843
-6.4302426255
1.2231156349
-1.3000254530
3.7230953610
2.6198366310
0.8735296804
0.9580186233
-13.3644492616
-0.2665438013
-4.2912568949
4.4135565519
-4.7584487433
-0.7355213532
-1.1295177812
1.9164521366
-6.3838283886
0.7617016489
-4.9762486517
-0.8751456147
4.4458667572
2.3906494515
0.7405143748
-13.4516708426
-0.6570748121
-4.7693784445
1.2966026426
-4.2386538038
-0.8988753299
-0.1854203533
1.6968941798
-6.3942572441
-2.8853396070
-0.7437206336
1.6531356195
4.6393276697
2.2207000043
0.4856046004
-13.7504345009
-0.6715779218
-6.3024498549
1.7595998230
-1.5979967082
0.2065258843
1.2511577685
7.3021318195
-3.6142117711
-0.3798444646
-0.0301810259
-0.6687460996
1.6913598755
0.3026456939
-14.0714671386
-7.1495629685
1.7557687491
-4.6598106305
-0.8158253345
-0.7620413372
0.7784852778
-0.1970552573
4.0308283173
-10.0649082434
0.3437813239
2.0448338629
0.7964293347
-14.0403654481
-0.6876704795
-7.9007491828
2.7302003651
-6.1384683560
0.5634800016
-1.8183809587
0.6776259092
0.5573300858
-7.7300236870
1.3779321821
-0.5346051905
0.9085190278
-12.9511609628
-1.2319938845
-8.3692854885
1.9864820025
-5.5456525368
0.8933384553
-2.3299224541
4.3946946249
-0.4571412356
0.1628163891
0.5876265148
-13.7706718120
-2.1364631195
1.3508865758
-7.4989632485
0.9406908343
-3.4685173723
0.6230612939
0.9829212053
-8.0197740334
0.0276888287
0.8866802909
2.3720189336
-12.8933780733
-1.6167219359
2.6048350658
-2.0385511790
-0.0625921598
-3.2452857386
2.6486974303
4.0347499959
-2.6774208085
1.1455606859
1.0558674105
0.6674723829
0.7609975761
-13.9594292396
2.4947569799
-2.3343414316
-1.0526816348
-4.1349514298
-0.2129560267
5.9881136484
-0.3368666808
3.7404559024
0.5308973875
1.7108483385
-14.5203642818
-1.9356194985
-5.1304176210
2.3145502116
-1.1431837516
0.2450040647
-2.7926425297
0.0310852191
-4.7256961891
5.2851258956
-0.5440097551
-0.0368760958
2.4948947456
0.7593128183
1.1805466026
-15.7570128346
-5.6286476319
2.4360968807
-0.4475396256
-0.8500666408
0.5911564160
5.6491251164
-2.1933403776
1.7452592865
2.4656635334
-14.7576431545
-4.3286260316
-5.3598528132
1.1468220301
-0.6689305027
-0.6370134029
3.4476513818
-5.0223840324
0.5918193425
-17.5277769824
6.6538308773
-1.2594079172
1.6436066895
4.4131804585
-14.3410312250
-4.1613908913
-6.6639995817
0.7120540753
-0.2000553521
0.0255404525
-1.8701175381
0.9467641603
-5.4331764321
-19.9777573681
-0.3300428586
2.5789033501
2.2216947392
-14.3554069060
-5.1063808854
-6.3699691891
0.2396256753
-3.9748084008
2.6279012626
-1.6742899947
-0.0094888729
-6.2794381183
0.4243175386
-13.1229209368
6.6071275705
-0.1302401370
-0.3542405623
2.0116813143
2.9116051920
-14.1470339117
-4.8498209394
0.7585287012
-0.1080599667
-0.0954092184
-0.9638795878
0.1464206637
2.3841233516
-21.7912569477
0.0389728626
4.1693129681
1.5386584098
-13.3635259204
-5.1924969451
-7.3427143365
2.0835067008
-1.6602989766
-0.4539538439
0.4835126286
-0.3732411226
-8.6411096747
1.7887012366
0.1411421082
5.4358319652
1.6084779552
-14.2396214475
-5.1741475921
-6.7114156700
3.1711277221
-3.4209585183
-0.6221716063
0.3924498558
-0.8455830613
-9.4727600629
0.8578868154
5.0782402501
0.2853785788
-15.9786797796
-5.4260582322
2.5568942483
-2.0006954399
-0.7941717767
-0.1270610458
-0.7679654004
-10.2888536419
0.6678608644
2.2352091022
5.3732171046
4.8314284976
0.5230000824
-15.3238435854
-5.5152120691
1.8615855735
0.9926558471
-0.8775870917
-0.5538120883
-1.5409221405
0.2075677894
1.5490396418
4.8431684235
5.1624916046
0.3226824672
-15.2599406800
-5.0453439231
1.6091508928
0.4384940325
-2.3204675690
-1.9545261031
-0.6440474417
-0.7660929692
1.5557101970
2.8428258391
4.0495843158
-0.4963672280
4.9719203868
-15.5231535607
3.1923875294
-0.2013464056
-4.2758808100
-0.5102705575
-0.4789070456
-0.0057669976
-0.0811190622
-2.9049996749
2.4760875591
1.1930303103
2.2225272155
-1.7170647156
4.0199333433
-16.1946339925
-4.2910410448
2.1816367039
-1.0476774685
-6.0188640613
0.9480386852
-0.8342380278
-0.1391117913
1.1490590311
0.3882091510
0.6793190274
1.3546680451
0.0719661525
4.3063611989
-14.6616660831
0.6383997354
-0.6689227722
-2.6320295467
-0.1739225860
-2.5288238390
0.9365239025
2.0722136024
-0.9873864252
0.6855792466
0.3038066833
3.8162783532
-15.6868035276
1.0253790670
-0.1075223896
-1.8792549676
-1.8270182742
-9.0895025001
2.1927713760
-0.1121609508
2.1328333876
0.9739238128
3.0818602745
3.7734782837
-15.2387868365
-1.1373246009
-0.3770946656
0.0779396937
-0.0390857905
-0.6915274822
-11.1162964240
-0.0142831290
0.8643845559
0.0335997422
0.1995754543
1.2136897381
3.5026583425
-18.4376913917
-3.9721531573
-0.2083132523
3.7579205373
-2.1061499270
-10.8609217940
2.2061560364
10.0435944822
0.9422678188
0.2001736116
0.2037201310
-0.0626033755
1.6099099924
3.0377729525
-19.3205081087
-8.5832172421
-2.9589188104
0.4830402155
1.3012331521
-2.3900164394
-1.1795781119
-10.2479974220
0.9776858690
0.9508491562
0.5000556274
0.9363329445
1.5556010188
0.9699063680
-17.8702886970
-9.4310111902
-2.3578492125
2.2175402690
0.1042351241
-1.7598259633
-1.6860496547
-9.7992741396
1.4082505666
13.5051249361
2.5201423179
-0.0131588913
1.0393163857
0.3984345485
2.2837367939
3.0351241578
-16.8512040132
-10.6979096239
-2.9548493508
1.2429177102
0.3861092368
-7.5578713954
0.7822286952
10.5485572793
-1.8528146000
1.8035385781
0.1701545455
0.2554683772
1.0550962460
-17.2713522859
-1.3548692960
1.2299363030
-1.2928213484
-3.9147736280
-0.6165621247
8.2240444408
0.2318083842
0.8887981473
3.1306247442
1.7326350731
-18.8324441934
-0.7063845328
1.3643174394
-0.0956308371
-4.4180828846
1.5664066341
-0.8118814585
1.4016470618
0.2947294267
1.4618318345
2.1199829269
-17.8810294359
-2.4183573241
0.9302746342
0.2977106246
-3.8975592594
-0.3160509666
-6.8971374206
1.7610461566
0.2548893951
1.1764478318
-0.2560634413
1.0772107354
-18.0115600294
-9.4251810660
-2.4476414627
0.3301000786
2.0416755042
-4.3409174027
0.2194437920
-5.5515112592
0.9827116854
-0.4499459475
1.6096887994
-4.6094733943
-17.5627818758
1.7013622872
0.0692051514
-3.5618331618
0.3271822283
-0.3498160327
2.6661629780
-0.4429776582
-16.6711896589
0.5319389856
-1.2887480955
4.0818718909
-2.6055098909
-0.1777010651
0.0570014723
1.9520962433
-0.4194446273
1.8867558460
-0.3136803237
2.0613315984
-17.8278660577
0.2082524922
-1.7832581785
2.4071438233
-1.9404679612
0.0226723932
1.4336044779
1.5044847186
-5.9224306114
3.5356290749
-0.0260842899
0.1953000074
-17.5283246888
1.9704592969
-1.7522793799
0.2972393985
-2.5140686119
2.5092924897
3.6910662015
-0.7206449881
3.3666616239
0.6994979281
0.7436068744
-17.3060236406
3.1292702523
-3.5214365651
-0.6756680034
-3.5045078811
-0.3343264137
-5.1096877852
2.2699773444
4.1362941892
-0.2031109278
1.9234065978
1.5558528587
-0.0101755404
0.3860018253
-17.6489320890
2.3388679091
-5.5824693364
-3.1387847012
-0.9958086159
6.4084119661
0.4547851012
3.2865222056
2.0125118363
2.6387779270
-15.4532821703
-5.4665597816
2.4908828360
-0.8456160982
-0.8263015091
-2.2246396056
-0.0046498962
-4.8749148749
0.7062617806
-0.2455053161
2.6428561284
3.6320960661
-19.2861688131
-6.4071245505
3.4230829203
-0.3803148399
-0.4938235657
-3.9279224355
-0.5329334181
1.1893747762
-0.4525336727
0.3055946512
3.3160096314
5.2778739040
-16.0445210576
-5.5550685233
5.4038543729
-1.1559929061
-0.6435989528
-1.4543023702
-4.3038705959
0.0461423254
-0.6877893150
3.2873204795
0.9573106208
2.3759967509
2.9711882094
-17.0218348862
-5.7159474731
3.1553566949
-0.6182363151
-0.9392436732
-4.3841760236
4.0097388650
-0.3605600839
4.2611219953
1.7291707349
-15.7699222235
-0.5536421570
-4.0498501380
0.8834200082
-4.0966961548
1.1644923467
-1.1944491110
3.6300746568
4.3104339247
2.0539565329
2.6537989741
-17.8015779491
-1.7264336509
-4.7381312151
-0.3707230189
-8.9581653887
0.8802540260
-5.3008008954
0.7176744555
-6.2317702415
-3.3515311057
-8.6131985979
3.4748139402
3.2620011067
0.9049723385
-20.2384692606
-3.4402565316
-3.1792595426
-11.0276675293
2.7665546973
-6.1239144549
1.9932895784
-6.4006820973
0.7089341851
0.1345449451
0.0433132227
6.0961086637
2.5805154888
2.4553955168
-19.2393099959
-0.1236252874
-4.1930826312
0.7201583601
-4.0715132984
-0.9738303889
1.0412791184
-0.8022223068
6.1644669434
1.9203437184
0.3396925478
-16.7911590380
-1.5540151630
0.5861021649
-1.1391969900
-2.1177518958
-4.6406390616
0.4984716248
-7.9686020822
0.1581780033
1.0186068496
-0.9862536832
4.0042425349
0.5118396757
0.6738001744
-17.0070359671
0.9368172705
-1.0063015772
-2.7082270466
0.4703265379
-0.4705353413
3.4417730569
-0.8284051653
0.8662121110
1.8689845392
-18.1807201444
2.5630087524
-1.3526376246
-1.8193646848
-33.6100829993
0.2873833048
0.3670982844
5.0273782045
2.0245147117
-0.4400390134
-16.2187742737
-2.9980475205
2.9520266464
-0.3989344135
-2.2920910846
-0.8457207747
-2.3749591301
-27.7305226028
4.4883092454
5.4611472497
1.3096813695
-2.7728244363
-16.0497214333
-4.1544514291
0.8750199573
0.0427920445
-3.6578359028
5.0038967569
-3.3648599074
0.4972573427
0.5682136880
2.2850029225
1.2760715044
-2.3529722937
-15.4958835692
1.4169111901
-0.9227528705
-3.3584560596
5.0362501094
-1.5418051093
-3.1839344138
-28.3519882683
1.6335032485
0.6226912728
1.2106988283
0.6387344001
-1.8062416985
-1.3938887347
-14.4507318198
1.1377405343
-2.6751370616
-3.1672189486
3.6760317511
0.3629665980
-13.4573289164
-26.4008689542
1.9092706469
-0.3881435162
3.9529368493
1.0299158477
-0.1062224123
-0.3534588069
-15.0227227779
-2.2192850450
-2.9096943004
3.6042402609
-1.4197012472
-0.3130986439
-0.7009458857
-26.0625036128
1.9668642947
0.3985298342
4.6513365868
0.7450129523
1.0301328205
-0.7436584469
-17.8903358884
-2.7638816537
3.7429907587
-2.8067154856
-0.5557616759
0.8637778423
-23.7938940637
0.8430206819
-1.8309224370
1.8821234963
1.1316946735
-0.4016540395
-17.0284011319
-2.3834064598
5.8078796374
-2.3988086420
-0.3898867771
0.3755742865
-0.2821956517
2.5605627783
-3.4181234773
1.7311189838
0.5834639101
-0.6357303530
-18.9299963073
-3.5103599528
4.6990859057
-2.5343536935
-1.7678394114
-0.5036298722
0.3312681791
0.0142216798
2.5724095793
-4.7373042537
2.1812535800
1.0351197867
-0.1561817080
-20.3567061450
-3.2332729648
4.3218631923
0.3642263252
-0.4824725841
0.4843501564
0.9977018934
-0.2970384506
-2.0449134078
-7.1942831791
2.2005833162
0.2648204496
0.5831506533
-0.6944948005
-20.8600560858
1.6890135675
0.0711081135
0.2468313238
0.6553557031
0.0945538908
-1.5789127559
-7.4363402255
-0.5515618757
1.4380946403
-0.4416376614
-20.7685407705
1.7829635223
-0.9827010381
-1.0225010328
0.0396685907
-0.1007005139
2.7997470844
0.8057717374
1.5970828991
-0.5786768404
-20.9437277391
-3.2213011262
1.0607155014
-0.9303400667
-1.2929977423
0.4268030378
0.1092834185
-5.9031624022
3.8770745938
3.4361618367
1.4276340132
0.7323814942
-0.7699886748
-19.2539287992
-2.9155872435
-0.1102496162
-1.4586994239
-0.7255275374
0.5280710501
0.4053883848
-0.3446325496
-5.1602882222
3.7996985659
3.8197124841
2.6998923222
-0.3427957434
-0.9003265677
-20.9580067094
4.0699593756
-2.7417803289
0.5658707369
-1.6692315767
-2.2356308738
-0.7120778947
0.5857899106
4.6760770252
3.9875395410
1.8294873120
0.2173466987
-0.6985951045
-19.1696129946
4.7863601663
-2.2320294941
2.2021147919
-0.7398891379
-4.0679728472
-5.5210262809
0.0491136965
-7.2804822706
7.5633115330
3.2091771267
0.8229913650
0.0405034184
-0.7646815732
-18.9679133231
4.7651622229
1.6741223821
-0.9032375697
-3.8764092016
0.4251350386
0.3909933391
-2.1487963061
2.3454231525
2.6080053078
-0.4301324670
-1.2585715695
-18.1265918135
4.9241365456
1.4461246531
-2.4933148633
-0.7697061562
-7.0562333377
-0.0848312634
0.7238654634
2.9213763476
-1.8913501525
2.7324447214
2.2615753294
-0.3565506127
-1.4533483182
-16.7945030211
5.8424654419
0.5966676331
-4.0126382465
-0.4612457259
-0.6490537401
0.5647361570
1.1709843993
-0.1679860173
4.0251073618
1.3128566729
-0.1878891279
-1.1046334707
-17.0798196476
6.4158723061
0.8537025836
-4.5604743488
-1.0755273990
-0.6783334106
0.7410775681
2.2247289613
4.1927597701
1.0020509077
0.4625107738
-0.9181369554
-17.0866487705
7.3194467146
2.4807562150
-4.2057049281
-0.7782019424
-9.0048043921
-0.3264210776
0.8795352699
6.2448147594
-2.6509369291
3.7862383071
1.3057329167
0.4875764340
-1.1187440320
-16.2830746177
2.3558935505
-4.0272120284
-0.9227350114
-8.0940322421
0.5777849615
2.2102982897
5.1981687403
-6.0637540970
3.3300824995
2.3150050634
-0.2794199601
-0.7825773849
-16.3657964183
2.2349415092
-3.9673238509
-1.7196333272
-0.8374799467
3.0121079841
-5.5666058197
2.0841066504
3.2124182555
1.5162837045
0.4382721459
-1.0998705268
-16.2640779149
1.9980461068
-4.2208594523
-2.1771252010
0.3984338981
-4.4896988587
0.6093301415
1.6688736417
0.1371471477
0.1393124429
-1.4810492189
-17.1594869574
2.4160856620
1.8214702069
-5.2673156632
-4.9235613404
0.3740291136
-4.2335490694
2.8044714859
1.4944303825
0.3274464169
-0.9697948324
-15.7261261765
4.2056883532
-6.9000421300
-3.9224160216
0.2028398217
2.7585199544
-5.0474282012
0.6709435137
2.9616400585
2.0247731420
-0.2056589708
-0.9702090278
-16.1863554070
2.8696409917
-5.9144282007
-3.4588445435
0.0004023620
0.0990852839
2.9046204639
0.5901016712
0.4896230927
-0.7827958635
-16.0374956686
0.2902499413
1.2162737114
-4.4407425031
-5.0846304881
0.1261570955
-4.6217602288
5.9079415557
0.6417922021
4.1043601623
1.4011754471
0.2476369968
-0.4290155248
-17.0377110945
-1.5593767000
2.6257311045
-0.1539207135
-2.6777244985
-0.8363709412
1.4912800394
4.7393437765
0.3587537458
1.1155016758
0.6954326049
0.0584465347
-15.5029740222
-3.3621904175
1.2135529424
-1.7019520299
-8.4361465499
-4.8027876638
-3.0812723700
0.8997019956
0.4341199319
3.0786015799
0.8935530086
2.2340635590
1.9363366910
0.1387852066
-16.9165130616
-3.6708915022
1.3111504045
-2.1980704478
-8.3316142726
-2.0895270418
-0.7647381055
1.2698690074
0.7741431643
0.7389992310
3.2937220779
2.4974360225
-0.0273121225
-16.9019597167
-4.3035802296
2.0163780999
-1.1852615953
-1.3473513546
-0.5429645709
0.2536071865
0.8717243812
-0.0540753484
6.3371119737
2.2706604161
1.7522711836
-0.2836784191
-17.2743772010
-5.1127248688
1.7673881236
-1.7682051545
-7.9641036288
-3.2146017204
-1.2783596566
-0.1107858853
2.3450243625
1.5600300857
-0.0891016132
6.1843443398
1.5105479043
1.2923318625
-0.0554180851
-16.9012177349
-5.1091642831
1.8225349421
-1.6635968426
-7.7676702430
-4.4102674552
-0.9533959045
-0.2932545918
3.9776443273
1.3308634956
0.2073280087
0.5348245873
1.1154626801
-0.5541860980
-17.3034926038
-5.0085898736
0.8520218634
-7.5679869713
-2.8011881297
-1.0824691857
-0.3141402175
5.0985306904
1.6007753165
0.4350776851
0.5381403505
1.0373095481
-0.9340173297
-17.4650984145
-4.3645139886
0.4048912575
3.0189781866
-7.7860707375
-0.3238463166
0.0572189580
3.3257904260
-1.8575955356
0.4895738474
0.9688577836
0.5848068314
-0.8130218080
-17.6351121261
-3.3541630646
3.0264964044
3.1536447148
-7.4332496156
-0.9199943182
-3.9460139375
0.0077071355
3.2773857967
-0.8830659608
0.5292157231
0.9226474544
0.7695301682
-1.0342497779
-17.3409292738
-2.8420999193
3.0550165662
0.8005333960
-7.4112124259
-0.8010107763
-1.4792540981
0.0906602961
4.4509422897
-1.9553992890
0.7598566619
0.8827217566
0.6679805630
-0.7982279923
-16.9913642588
-1.7845312273
4.5685339834
-1.2980854042
-6.8801662601
-0.5073252520
0.6165737577
-0.9900331074
3.0177865208
-2.4200743952
0.7028800682
0.7050725140
0.1448870112
-0.3116437669
-16.8355930277
-1.1685964031
3.9706037938
-3.7138093361
-0.1610397706
0.1790886261
1.0941148967
0.4187327579
-5.1338462291
0.3724370384
1.3069575369
-0.3487962819
-0.3573519124
-17.6781813785
-1.1858796382
4.3460026022
-2.4375524409
-6.7804012855
0.3782655558
2.4341315595
-1.4985436660
0.9287020571
-3.0789995054
0.3809653178
0.6408988867
0.5649350077
0.5666977116
-17.6520824512
-0.2104998592
4.7258822950
-3.7961316403
-0.7506548349
2.4552132119
-2.6588826078
-4.0803928282
-0.0460085291
1.3358224978
0.0258104210
1.4028740645
-17.9785061157
4.2074632123
-3.3671189900
-1.6295199758
-0.4999546811
8.0879892177
0.3719938888
2.0075553884
0.2366274757
1.4911065558
-17.5766922021
5.7417600685
-2.5863274610
-5.3593262831
-1.6568662484
-0.1136272466
2.8919526069
4.8146476872
-3.1192709220
-0.1025212014
0.7517979793
0.1240054939
1.4238681461
-16.9050254048
1.8564676141
5.0088480013
-2.5939565087
-1.6275630995
0.1458848800
3.1365585351
-1.7836210956
-0.5267093203
0.3915007298
-0.4258291796
1.1114575813
-17.5193329048
1.4033338207
3.6883520789
-3.1504412378
-0.0310814919
-0.1231507613
4.7373394760
0.9638352220
-3.7194737912
-0.2843598405
4.0939646818
0.2666544062
-0.6240062337
1.5865079125
-17.5180702564
2.5743278270
-4.1532208983
0.0606946681
0.7220437237
-4.2991652426
0.3290050775
0.9170432330
-0.6546540613
-17.3812561950
3.2684230357
-4.3187238683
0.1083542340
-0.6661255635
6.2614777384
2.4863915800
0.5792639260
-5.5464558140
0.5028314316
0.8658962969
-0.4629799595
-15.9814646891
1.0898660868
-6.4926178215
-0.5366048369
0.0544605251
2.8299523192
3.8499522259
-3.5355828054
0.7818812002
1.7842491759
0.1532192049
-16.7062727025
2.7863635770
-5.5694171632
-0.5220032491
-0.0134987949
5.5047542064
4.7083617702
-1.3612831487
0.5564980284
1.0559311178
-0.7654084751
-16.8447973235
5.6990177482
3.6366253400
-6.3892307151
-0.4966281687
-0.3483099290
5.8101154567
5.3884855781
-1.0255757329
0.0940576601
1.2764334481
-1.7436225270
-16.1890468404
2.8248033890
-9.0546186076
0.0527383077
3.1222898583
0.5478607554
1.4288348337
-1.3157557946
0.2614011912
0.8185127954
-1.2177419912
3.2252321934
-16.6663345101
6.6185833894
-4.2965554252
3.6768355543
-9.4025323429
-0.6977430170
2.9484225301
1.0412354982
-0.3328170944
-1.1690819583
1.4060683306
1.7234505339
-0.2068777598
-15.7393216276
-3.2924793908
4.8523719858
-9.5085316042
-0.9897252729
3.2648632600
0.4321940197
-0.5838943368
0.1302877017
-0.2128808655
0.9968204087
2.4158559785
-0.2756283574
-16.0562080698
-3.5784024538
5.1818255798
-8.9344812454
-1.4382483533
2.8293614293
0.4410525807
-0.0428714241
-0.5474106186
1.1584526423
1.6275329921
-0.3271717944
-14.1989925875
-2.9035523668
4.2791812194
-8.2819072604
-0.4187554268
0.2860914420
4.1310281581
-2.8494767485
0.5889792691
1.5673348094
-0.5330749135
-14.0462926388
4.7609225184
-5.3815745872
0.1272900469
-5.1288044805
2.1418540683
-3.6293438161
-0.4872203765
0.1757849271
0.7011443671
-0.7516566113
3.8969912719
-14.2391102372
5.9890068472
-5.7900160013
0.0746702505
0.1488385092
0.8974957785
4.4984445824
-1.4942783172
0.0123126225
0.7182613159
-0.0800024160
3.7427964953
-14.1220595004
5.6911614868
-5.4073187809
-0.3055945541
0.0508480585
1.3267614439
5.5256886915
-1.3272534011
0.4084815409
2.0566635726
-0.1197409382
3.8442761154
-14.7496359401
5.0957127427
-3.6199007335
-0.2598423244
-15.9466527787
0.4692847507
-8.9339644384
5.5357618824
-0.5135334800
0.2582226649
2.7446725424
0.2613708369
3.0563631902
-14.8584217760
-9.4953715421
5.2314657855
-3.4740905120
-0.5478245187
0.2674084189
1.3022363911
-9.9229055538
3.9358612344
-0.5466848268
0.2818217700
3.0248367106
2.1913561852
-0.1400279626
2.7661453350
-15.1266989006
5.9811822695
-4.9702384058
-0.5881404989
0.2614812766
0.7718554542
-9.8816242454
4.2601698553
-0.4780264320
0.2365994835
1.6208701592
0.2275089672
-15.0911998622
-7.5763561789
-0.4856730210
4.3364115393
-6.3503021679
-0.8168480551
1.4238340359
0.0109080292
-8.1500496039
-3.0186926832
6.4786839502
-0.8130345891
1.3760628913
1.9131910023
0.5325760314
2.5274742069
-13.8193835461
-7.1089459533
-1.0506666533
5.5287329430
-4.6529785138
-0.9968591814
1.2760253635
-6.7821208358
-2.7963698586
7.3149075011
-0.7710133205
1.2047632611
1.0647119027
-0.2315593191
-14.9395624027
-7.3979887460
4.4732440853
-5.2157142812
-2.6125027756
-0.2075906946
0.3943405831
7.9083872469
-0.4632884392
1.4717740614
2.6800774746
2.3158335677
-14.1423559532
2.3033129545
-1.1251250798
-2.0485978544
0.4860160189
-1.3660975817
-0.1665376718
1.7896285538
1.8972308723
2.0516348397
-13.1141935423
1.4193517050
-1.7164948049
-0.5852362355
-22.6854052242
-1.4973082152
0.2934796842
2.5495288418
0.5571415076
1.6078481171
1.7368318592
-13.3007974703
0.5053734065
-2.9350358067
-0.6977976904
-23.7009514034
-0.5255044403
-1.1206015329
1.5366560659
1.0374513345
0.6684961196
4.1567383568
-11.9520094418
-3.6665013968
0.9528216201
-0.7009904229
-3.8026993791
-2.5078422018
3.1785361524
0.1632633171
0.6634323334
0.8028915463
3.3360624287
-5.2607089399
1.9409154632
-2.4053289614
-4.9327341992
1.8891876398
-3.1067689566
2.3210623990
-0.1304024492
0.8537174069
1.5663476489
4.0221385000
5.5018179507
-9.6707159280
-5.2867397480
-5.9268372356
3.2489910845
-1.2493143934
-3.4642212055
0.1191327323
3.2402258875
-1.8728496214
0.1730201515
0.9608878088
1.6123495295
3.9761740679
-6.6618766516
2.5909196258
-3.7318307033
-3.9194602986
-0.8132439911
0.4003657140
2.7049218441
-2.8246145535
-1.2837339340
0.4359244555
0.4323446938
1.0961766749
3.7706657357
6.1718815480
-7.7852245103
-6.7548019855
2.7194923293
-4.3194709391
-2.9096593020
1.7615218816
-1.7168208673
0.5937041774
0.5999867143
2.2589478381
4.1682019099
6.3233092616
-6.0441324176
-8.4768226694
4.0367162859
-2.3344819353
-3.1026652634
-4.7801535762
3.3792498612
0.3608837292
-2.8735611746
-3.8891240572
-0.1468976412
0.7480590283
1.9843550640
3.7960292200
5.3764018104
-5.9570944103
-5.9520321986
-9.2288804989
2.4551357035
-2.7973327047
-4.0675273283
-14.7256729949
0.5066093261
-3.1704410812
-2.7950260387
0.8626696524
1.8836033836
3.9997003973
4.3771599467
6.4974826536
-4.2814902541
-8.1573823391
-7.5180592296
3.0220829919
-0.2757053638
-1.8944272229
-3.3924709823
-13.6235834610
0.5634681756
-2.2202897524
-2.5940713226
0.7770564468
1.0147266941
2.6942775481
4.5732501811
5.5278354442
-4.3083502422
-7.8097612438
2.0316609032
-0.8093086467
-2.1683951655
-4.6869459079
6.8959374684
-12.1445930504
-0.3971677395
-2.7502752522
-4.2463999448
0.2030277567
2.7191561833
2.5973907472
4.2553880881
5.8006414282
-3.7516960923
-7.4844754124
2.7850856194
-0.8645766880
-1.3006707617
-6.4917996694
7.3982174518
-0.8745070820
-7.4637683611
0.7773959918
3.9746712495
1.3183887800
4.1426545434
5.7724505824
-3.1667643043
-6.9580371140
-7.7293069017
3.7600380260
-0.9386641489
-0.6287591177
-6.1430993864
7.1878579029
-0.1318781910
-7.3871545135
-0.3736477604
1.2394415943
2.4130057276
3.8260979322
5.7755407707
-3.0789713959
-7.7878634604
4.5452921273
-1.7961783012
-2.2862629618
-4.5651516831
7.4823208711
-1.7823631847
0.5416407378
-1.5281453917
0.1607171985
3.5207003436
3.4061524917
5.5567081781
-3.5265305451
5.0379756319
-0.2592139933
-0.7757335787
-2.0946868506
-8.4351564289
2.4256817795
-0.3933289791
-0.3312161661
2.2246065052
2.2986212513
5.3863011774
-4.2914261585
-9.6317964627
-8.7398564239
3.0724390483
0.3155121674
-2.5241904214
10.1780936942
0.0727345995
-0.6518120759
1.2782613819
0.8059687524
2.3468723862
5.8164797631
-4.1354455035
-10.5378830481
-9.6563359669
3.3439417550
-1.3396747440
-2.3704321944
-8.6392797968
3.4860085787
-3.3465922195
0.0291878111
1.1640189308
0.4636738110
2.5457460695
6.4125467446
-4.4122828567
-10.7453646939
3.7125732859
-1.8539727680
-3.4825409543
-8.3872543332
0.1992058322
0.7303548781
2.2821705648
3.0959906146
7.0440997282
-4.0685884125
-10.6462334482
4.6903198418
-0.9386010521
-2.7439172102
-1.4482406974
0.8348958666
-0.8903773835
2.1039998774
-0.2040616042
-0.7263169879
6.1368565171
1.5057688309
2.2998524335
2.7116180553
-4.0371098585
-10.3678499265
3.1901006582
-3.6344814234
-4.1779524218
-1.8964758558
0.3536317177
-9.6140584046
-0.5620752451
-0.7826765860
0.4014615514
5.0433533834
4.4803332991
4.7160490203
-2.8473433730
-7.5885125296
5.6471404752
-2.0243573412
-0.9082373223
-1.0282807775
-0.1876009899
-9.5989799738
-0.6626842050
-0.7785497566
1.6173607768
3.8586023864
3.5666903748
4.7202009013
-2.8061683130
-11.3560206156
-7.4434872740
5.7028791772
-4.2001543133
-0.6872720647
-0.5509539738
-9.5802524689
0.0563307770
0.1813217301
1.3259199772
1.3387718072
3.5023589174
6.3505819779
-4.4520168895
-13.6922342922
-8.4133450691
3.3844749973
-5.9846805206
-5.0112023120
-8.8469083612
-1.8547583150
-0.0035371870
1.4681237207
0.5343582427
0.9039003673
4.0170762729
6.6420374290
-5.4193364047
-8.3646426997
3.1900097954
-5.9847867606
-5.5511628645
-8.7435632929
-0.7031541991
0.7223994380
3.8962140625
3.4847744855
6.5620602208
8.3731443159
-3.8745950217
-12.6139429104
-6.9149078912
6.7300986595
-2.7224041533
-0.7224090015
-0.8625996664
-0.5479826744
1.5863176716
-0.7957054820
0.8236600059
2.1092426481
1.3458199491
5.4840970295
7.7833002380
-13.8626653185
-7.4559970486
4.5005276825
-5.9071193740
-3.9088805388
-2.2172392942
-0.5019409648
-6.8518865564
-1.9240858792
-0.5174689540
0.6772573780
1.7452271363
0.7088148354
4.9599565408
7.7389327429
-14.3562998025
-7.2648401011
4.3281385263
-4.6793760428
-4.9602137187
-3.0324196829
-6.0681041287
2.8597975097
1.0579184230
1.4797488198
1.4243710306
7.4055631423
-6.4910422106
4.5476362115
-4.5821056005
-4.5313711725
-0.4791334727
-0.9202654602
0.9580409698
2.0564079808
1.7496900456
6.8018779693
7.8086967338
-9.8556620572
-14.9463424899
-5.8911886152
6.2925487983
-1.9924167902
-2.9635995340
-0.3932704007
3.8154253969
-1.9979897083
3.2328549526
1.2127075392
0.5387778878
5.7428704161
6.1099990350
-12.2292999540
-14.3165359665
4.9098970726
-3.6575789556
-5.1347516416
0.1935979247
-0.9507391196
0.8052694012
0.8994779575
5.5547178495
6.1570764421
-10.1434252868
-13.7365433578
4.0311289909
-2.7092189676
-5.4150629891
-1.2730879398
3.4155702037
-2.3155589028
0.3707279611
0.4967220737
1.9120067723
5.1587722911
5.4695102655
-11.5491450815
-15.6718277914
3.6317292526
-2.3734897329
-5.6319789359
-0.6473309357
1.4022911911
0.5841983098
0.6443946003
5.3783110936
5.1107348669
-15.8031267896
3.6932928738
-0.8027554709
-6.9707550536
-6.9150324408
2.1553025896
-0.5214090581
-0.8698054045
1.7220657032
0.3857854501
5.6491622581
4.6664888520
2.9939117443
-4.5316532206
-9.2340140099
-9.3637426195
0.5617877092
0.3557606249
0.6638477734
-7.9756742365
7.3623631665
6.0889145716
5.6776399644
-10.5560159676
-0.9006675044
8.7785459113
-4.4610178459
-0.5119705700
-2.8515168679
0.7759183280
0.3672177099
-7.0865314405
6.5737386386
6.1020493721
5.6266888472
-15.8740846836
-12.4535449968
-0.9198995898
8.1728212296
-1.9571426880
-0.2237742251
-1.8926896887
0.9194942102
-4.7095570845
6.9153752074
5.1506903463
8.0016472950
5.8564417094
-15.8296608868
-16.1343201912
-1.1850300155
7.5498302662
-1.1370276106
-0.5982321659
-2.2790394348
0.7437593143
-1.9364953670
-1.0787137488
1.8470874598
-2.0606353026
7.4395689278
5.8624245452
2.9382129080
-14.6078349374
-21.6899315104
-1.4806961775
7.7222248949
-2.6817917246
-0.2961641535
-2.6824053468
0.0295693412
3.4490414405
-0.6425265024
5.7569330028
4.1913009380
1.9994290422
-15.6572227232
2.9729470247
-1.9863256663
6.1047251904
-1.6378379923
-1.7608561792
-4.4066716382
-0.6363974977
-3.5359837331
6.3361288068
3.9443013677
4.9412999662
2.5129030673
-0.0719373847
-14.6976139991
0.1892407791
-2.0981934323
4.2659140009
0.3735242650
-5.3471269779
-5.2253044156
-2.3934982358
6.7384804292
1.4852264827
2.9527362673
0.1498072203
-1.8165519283
-2.7363427158
2.5748660637
3.3702552191
-8.0533723040
-0.7269405797
-0.0589725991
1.3172347036
4.0100648260
1.6689998570
-0.3632071079
-13.5448452207
-1.7154900917
6.4222343059
0.5029313786
-4.9249898291
-2.7336621805
-0.1964175839
0.3313326101
-2.0403664833
8.4345644794
3.8673823394
-1.2074201324
4.8512714247
3.3628979512
1.0828732504
-12.8766289548
-1.1856231569
6.1375761516
-0.4053063246
-1.7176450635
-0.7613927157
0.0069722397
-2.1492626620
4.6128187288
3.3016236849
1.2949226852
-12.7224252625
-1.4232427397
7.1499591129
-2.7426117506
-1.4372884107
0.2911644380
-0.5567229723
0.8789177039
4.1640819805
2.3314512409
0.8927990460
-12.9624604454
-2.0947401330
8.5091532900
-3.8375476128
-3.3682962986
0.1573323968
0.7473565035
0.8306297830
-2.4493591262
4.1378404593
2.4547283390
0.4725186469
-12.1423261169
-2.1460946147
6.6650209156
-3.9771844015
-3.4939011397
0.3249243767
0.2743435121
-0.0395042578
3.2845713379
-3.1721802773
2.2412889983
1.0693055276
0.2065998728
5.7698134898
-12.6937025322
-3.1138021016
4.2843485961
-5.9323594163
-6.2679395922
0.1361859644
-0.0602245506
-0.2623846422
2.9905213591
4.8084291046
-2.5999598774
1.2410428507
1.1102575834
0.2757551825
5.8538723988
-13.1559015140
-3.7668453387
2.8655257890
-6.0332889873
-6.2613287673
0.3208360555
0.0428212572
3.5744371822
-7.3971016841
0.3470301126
3.0847701390
-0.1199478616
3.3231678335
-13.3257514172
3.9962225111
-3.6969353704
6.3688423844
-7.6871565557
-5.7591908528
4.6611209330
0.5728251216
-1.4283397142
0.5706285658
4.5623952691
-4.4273617861
1.2386572774
2.7523605359
0.5733803881
2.9943758618
-12.8845362426
-3.2640918263
5.8142123758
-7.6773311716
-4.9999832061
1.3670933524
-4.3540622203
0.3952024219
4.4040716382
-1.2236081331
0.8535715897
2.2551206996
0.2214519007
2.2780677602
-14.0811217716
-4.5971392587
-2.8856498803
6.3793084299
-7.8006557304
-5.2965048811
3.5318493493
1.2003110988
-4.6299236935
-11.4003468854
-0.6397925348
1.0773102898
2.4949642458
0.0661332289
1.8969752818
-13.5150715023
-5.1757587098
-2.7674899919
5.4458428788
-6.9906127053
-5.5911023823
2.2584817170
2.6671132169
-5.7009990747
-11.4828820302
-0.2494530432
0.3338534031
1.6742939371
1.0900083818
1.2623693542
-12.6892716718
-5.5141186561
-2.8003031617
4.5142624660
-7.5436974742
-7.2874954863
0.7397487014
0.2396808829
1.5491525673
-1.2808497044
1.3900580589
2.4608483184
2.7847620273
1.1791890870
-12.8033939547
-5.2182313684
-2.4838192400
4.2579567964
-7.0067988492
-7.1890318149
0.1049293025
-0.5468479324
-7.4477541158
0.5268630730
0.7387713566
1.7640538838
2.3765655052
2.2371958457
1.4720655316
-13.2448634556
-5.7508900402
-2.1748533060
4.0137614757
-6.6734448216
-5.4997321764
0.0831547297
-0.3253207241
-11.0952369458
0.0274142953
1.6919484713
3.2834477817
4.1687907886
2.2064371272
1.9200905173
-11.5029959156
-5.5555949334
-1.4599112670
4.7915338294
-4.0014245860
-3.6095986297
-0.1127834002
-0.5392071175
-0.4510333175
3.0606139403
1.5727739708
2.0612248621
0.8442540774
1.3861735337
-12.0427759666
-6.0753942786
-2.3665899072
5.2235434460
-8.5004003879
-5.7544354027
0.1891415570
-16.7563318550
-0.5615698283
0.7524092605
3.3023968184
4.3680217300
3.1976118521
2.3943895133
-10.0727898842
-5.2748714854
-1.7027813612
5.7650567029
-7.6132885204
-2.4747420792
3.1902958873
-9.6449384473
-0.1706666379
-0.6862293224
0.9140589625
2.3709152767
0.6630275562
2.2008482963
-12.0557849157
-6.6310905660
-2.4550109163
4.0623413845
-8.3404455258
-5.3294484078
0.2287704000
3.8916656256
-6.3499030564
-28.9343606145
-0.2941287454
0.9595966276
3.7514696986
0.1661098778
2.3314576170
-11.5904087037
-5.7165837924
-1.4215065451
7.7291845019
-3.2258887422
-5.3661047622
1.3281699507
5.3314032691
-3.9783471863
-1.4181919631
-1.1115176324
-0.1229834873
0.7722035063
4.2659411147
-0.2451139048
2.4087885111
-11.2848399812
-1.5981802474
8.1404814247
-2.1178806394
-4.5431497472
2.8763949943
0.9218820791
-4.6542139078
0.5694136834
1.7990063973
1.6158535675
2.5094125230
-11.1811081314
-2.1520774871
3.4288980392
-5.6540166903
-4.2026984111
6.2743745590
-23.0147286238
-0.4983208019
2.4096355675
3.6022963665
-5.3135927087
4.8692715529
-4.8854780385
-0.8257354341
-22.1511929818
-0.0294941612
3.2780470319
-6.5144493737
-5.1005419778
6.0567930780
-0.7938420980
0.3923933059
0.3799885119
3.7266320034
4.2472047998
-4.5365024989
-4.7607827010
6.5110877772
-15.2387539398
-0.2070853291
-0.7798017988
0.7306749896
-0.2252812921
1.4243053407
0.3693060456
4.2768267575
2.7676991935
-7.5587565194
-7.3124712959
-5.1433173896
0.8794278345
-8.2174197565
0.1951530319
-0.0795617329
3.0579803164
2.4123975971
5.6549163217
3.8772116850
-7.5770969517
-6.7184813558
-5.0990034356
4.5020754373
-4.3864361324
-5.1547873242
0.5823465512
-0.7449842659
-3.3697011234
2.3647162915
0.6487021872
4.5360018905
3.1101290297
-9.8584397381
-6.0952955028
3.8429753926
-4.9727966991
-6.9118758852
-0.0406793820
-19.2223531156
0.5242346036
2.4423860023
0.7670770133
4.7380568679
2.8172968094
-11.5490987545
-6.5359603922
3.4377299399
-4.5266209510
-7.3370114900
1.2126676838
-2.9899338744
-1.5162711446
-0.4402095221
6.8663542260
4.4957109523
7.3078202587
5.0405456237
-8.2456486642
-4.8071648705
-5.2075603036
7.2045829494
-2.6314909556
-1.1584114555
0.0669634932
-3.3049479063
-4.9494671777
4.5916908384
0.8260976940
5.2533385783
3.5683104828
-9.8892423945
-6.4246647982
2.9794065227
-6.2441366582
-7.4905359912
-0.0806534454
2.8270023916
4.3720601594
0.4352039191
5.2960764284
3.5335322244
-10.3735404377
-6.0109013490
6.2982688369
-6.8725085488
-6.2166277281
-0.4509067186
-3.9690514132
-0.4101058068
7.4124127521
4.3691534953
1.6010355253
6.6097915628
3.8357646126
-9.4876433061
3.2637612407
-4.3441532955
3.8771256896
-7.6071284713
-5.5054510029
0.5132947150
-5.1904812293
-10.1356163562
-3.3597885337
1.3781431038
3.4589657214
2.1500789798
7.4941355532
3.8809331975
-8.9382084271
-3.8396884161
5.2146582926
-6.6572370022
-5.2045809988
-0.2700005539
-6.2681223691
2.0087767539
1.5734682628
0.4860471548
6.1445688077
3.2627756401
-10.3923337035
-4.2462947726
1.4829414446
-4.6682068060
1.8997009934
-8.1060472803
-8.8362523355
-0.2350760438
-6.6936334064
2.3774624690
2.7681900402
1.8860567386
6.7859997535
4.1095538265
-9.3467351264
-4.0375745795
-3.4265343409
5.1611291664
-7.0069740498
-7.0862477173
0.8315072574
-7.4811510487
3.8877116692
-0.5436441534
1.7003514043
0.2467154818
7.2512221526
4.3998075328
-10.1653888598
-3.8748824351
4.7383913541
-7.2766231691
-7.7173679409
-0.2782202123
-9.1294910387
3.6649951980
-0.9348753385
0.8804791169
0.4666517574
7.4954046914
4.2904421364
-9.7807816351
-3.8572201879
3.8811505322
-5.9509283450
-6.3505595495
1.5017427199
-0.3756867130
-10.2199345083
-3.6088396674
1.9683107578
0.4066033366
1.2277636446
7.9807252556
4.5051221610
-10.4418376469
-1.5987106541
-3.8862787871
2.9039714379
-3.8486668505
-6.2076535778
0.4622017281
-0.3334582808
-12.0518994315
1.8188487244
0.4628649656
1.5653236756
8.5969727175
4.2994525947
-10.2717181394
-1.4498166750
-3.6580869289
6.0613995682
-6.6946013731
-5.8902838651
0.5864041960
-0.6722259276
1.9821821607
3.5713142611
5.6456726346
-7.4259894441
0.3049624101
-2.3439246570
9.8021730577
-7.7177451575
-0.6340881233
-0.0053365361
1.7501949874
3.3610439853
3.8162589890
-8.0812713498
-3.2663378254
1.8357940217
-7.8321198005
-1.7487465099
0.2638888260
0.7492000882
-7.7649438224
3.3780303545
-2.2164715820
2.8709921563
3.0971131713
9.0104682076
4.6412617466
-6.4119191917
-2.1706929878
0.0628943525
-6.9202826295
-0.9178784505
0.2726186157
-0.9753283663
0.6059860743
1.0773244684
1.9703984738
-6.7113436704
-2.7534033097
0.0238816088
-7.8951959137
-0.9160522592
-0.7147020038
-2.6750737347
4.1044314951
-1.2377157334
3.4138521641
0.2680075076
2.7947388674
5.4571659760
2.6349939674
-6.3639962061
4.6339821044
-3.5041074288
1.4989102168
-7.2082082059
-0.2955649975
0.4523374850
-0.5992034110
-4.2077304643
9.5540633665
-1.1346497322
1.7466137596
1.6249369029
5.1332700109
-4.4417614641
1.6532336892
-3.8853620925
-2.2778878452
1.3134292162
-2.2480276807
-0.8594419681
5.2863953220
-0.8847500900
-1.4169272366
11.5291028218
-0.9216353494
0.4021831672
4.0230806452
1.2404913192
4.8975659395
-3.8638860468
0.4637861028
-0.1607292250
-1.7484033609
1.9474056603
0.0017325965
-0.6456824194
0.6375540169
2.4845336726
1.2769785648
-2.4991738815
-1.2608118940
0.7978812643
-0.5369317655
0.8101760243
-0.4853366711
-0.1652615426
-0.0409299221
2.2775600008
-9.8702309119
-3.0760326148
-0.8163835805
1.2022093304
-1.5900550336
0.5311408122
-1.3759335900
-0.2670181626
1.4914922203
0.7056005687
-0.0164234525
1.4354785529
4.4634409027
-1.6882020883
-0.3605700314
1.6280911178
-3.2948733822
0.8531176280
-1.2578036756
0.7784789227
1.6190449709
-8.7206013056
-1.9085878328
-0.2417062491
1.3868016080
-1.4147016043
0.6633312579
-0.9875926590
-0.0800779135
1.1749941532
0.9430864782
-2.0586181958
1.6602566315
-1.3412052097
-0.0016416128
-1.4947608411
0.7627378723
-0.1746257642
-1.9883340412
0.6069024353
1.2297779248
-2.3229810927
0.9817893148
-0.3928861179
1.1574756837
-3.3118731555
-0.4999681291
0.0098744335
1.8680975408
-2.3253393747
0.7017218529
0.6903220079
-0.3662792578
0.7015133738
-0.8915923187
-1.2455272788
-0.8634353578
-0.2009094792
-2.2040658907
1.3017248393
2.0908955771
-1.8101854440
0.6377969909
-8.1076927710
0.3981764112
-0.1464849688
-0.6938940992
2.0425451979
-1.2970639597
0.5634388067
-3.4781537649
-0.6759485096
2.4364794750
-0.7970089178
1.9900728316
-0.4444635464
2.0210042349
0.3160150783
-2.2613563831
-2.2781783311
1.2728788158
-1.3734078660
-0.3915845315
2.3764517540
-5.0590085273
-1.0593581026
2.4464289716
0.1119134816
1.4493946850
-0.1773430532
-3.6214532023
0.1601537594
-3.1296971407
1.8153545966
-0.3713871747
2.6096162970
-5.8072724088
-1.4561531116
2.3965966057
1.2389408513
-1.8641018003
-0.0198393011
-4.8104024049
1.7065920697
-1.1048830330
0.0700985870
-5.8645553487
-0.9822825363
2.7716995965
2.5567618026
4.0608028915
-1.3802264081
7.3706141589
-0.7680389463
-5.3004849921
1.6489636515
-0.7409453831
0.2966599643
-6.1533046906
2.9365353830
0.1780618500
4.0615864281
-2.3179532739
7.0331235927
-0.6897633326
-5.2762510245
3.4157205423
0.0874503306
0.8843646219
-5.0789581616
-0.2117709129
4.4704815009
0.1646802932
-2.3950925871
5.9797729139
-0.5306007470
-6.4533779175
4.3141495712
0.1964954216
1.1114892607
4.7802785057
-0.6289505367
-2.3477953444
1.2985221798
-0.6141794077
-6.6116753758
4.7528285767
-0.1520052112
2.4389676535
-5.4020460966
-0.9450107204
2.5956239968
2.4232438313
-0.8329820920
-0.6802123211
0.3220021524
-3.8543503557
3.9944686473
-6.8062798728
4.4150379162
-0.1174612923
1.6161660314
-5.3769967880
2.3472706704
4.3371209830
-1.8741495580
-1.3173385777
0.9332829232
-3.0579463542
0.3950003367
-6.5023861610
4.2995194542
0.1608977277
2.5953926973
-4.2504672535
2.9940091929
1.3811897469
-4.4050146589
-2.7796400127
1.1703309760
-1.4531357455
0.3775100194
-5.4723918404
5.8176362880
0.9194388600
4.3121627113
-2.7359747408
-3.0898823097
3.8438188080
1.4610531572
-2.8509793035
-2.6699445350
1.3968582672
-0.7545512797
-5.9040196930
6.3524313249
0.3225525601
2.4970109847
-1.8671383071
-3.5456285736
4.1966306675
0.8080463697
-3.9745959054
-2.7900483909
4.1194498795
-0.7340125725
-5.5688381698
5.3774103143
0.1411272507
2.8263771269
-2.0634493653
-3.6138470063
3.7963443373
1.0858011054
-4.1443467899
-2.6350362137
2.9579330096
0.9851491938
-5.5867338049
-5.1746480507
5.0985525857
0.5004939620
4.5725260448
-3.7083134456
3.7141791183
0.3396747711
-3.0146891837
-3.3554188006
-20.0984639376
5.7202058587
-0.0023332000
-4.9398607742
4.4818881685
0.5332691755
5.5440814488
-3.9776241557
3.4803908536
-0.4409360080
-1.2902506167
-5.7652992583
4.7794099475
6.3401801593
-0.0301434116
3.8109065956
-0.0553586579
3.5447895931
-1.9836892591
-4.5243282818
2.3346310382
0.7850461536
-1.5027414230
-3.6242170818
5.6044466801
-20.3267613002
6.8210822869
0.5588769843
-5.3510294737
3.6069633716
0.2055174598
3.1655948049
4.8319699080
-2.3221709866
-4.9135778103
2.7119942576
-0.8797292501
-0.6485026678
-4.3286279635
-0.1201130377
0.1270949700
-4.7950365396
3.7142586222
0.1947848942
3.5897528930
5.6484660333
-1.1089722235
-5.2087994608
3.0649324300
-0.6438714363
-0.5106001403
0.0834264135
9.3152522370
-0.6995869083
-4.7301478934
3.3288364788
0.2462394009
3.9060806677
-0.9579068940
-4.5270965581
2.7699012168
-2.2687298242
0.0439477792
-1.0786379530
9.7658458633
-0.6077784128
-4.4573752191
3.3726458123
0.4203578912
2.4480255161
6.1621400987
-0.5614983964
-4.9186475059
2.5597555539
-3.2481943512
-0.3866745330
-1.3777895764
0.4000756783
9.8389635199
-0.0223044264
-4.2699171511
3.1679691415
0.3479463327
3.5123516838
6.5322167129
-0.9349048404
2.2789361812
-3.5652187625
0.1304334466
-0.7072060326
-1.0177187578
10.1185636625
0.3869711569
-3.8473179179
2.8823916750
-0.1464389014
3.5936680423
6.5053279570
-1.0156476994
-4.3335743767
2.3709774570
-3.8249542187
0.7106971319
-0.6477618558
7.4067063431
-0.5740764382
-3.0364699400
2.8165887029
-0.5703439195
3.5108784647
6.3817946238
-2.3678438225
-3.8506081523
3.1259899357
-3.9642160559
-1.6712517394
1.3272916063
-4.2537938992
-0.5097779738
7.5714013870
0.4951888401
-2.1394205065
3.9422814243
-0.1185866917
4.1857464108
6.0701360627
-2.4393683276
3.6815410762
-4.0479474494
-0.9885577927
0.7762577275
-2.9751841977
8.6832850089
0.2485602488
-1.8092017199
5.1339361109
0.3586815867
4.1275511295
5.8532202818
-2.8788538526
-3.5934134622
3.9983071098
-3.4700897595
-0.0182384562
-0.4426052334
-0.7549675760
-0.2046147393
8.5153417852
0.0777509432
-1.1992771898
5.4598455457
0.1514761584
4.6865985571
6.7284106912
-3.0703439148
-3.3304149833
4.3686977902
-3.6766134621
-0.0819383331
-0.1682581022
-0.5130299039
-1.4807970749
8.3245445079
0.1702189455
-1.3142463957
4.0218792179
0.0983836917
4.8928918311
-3.1618750425
3.9730377861
-4.0165526718
-0.2618465983
-0.0964341737
-2.2128463619
0.5818900075
-1.3881443327
2.8136715965
-4.7709197336
3.9039161630
-0.1945153656
0.0290973336
-0.0375169747
1.0926896726
3.6672238618
-1.1187436571
-1.1619903507
2.9842530206
-4.9219404989
-2.9705284147
5.6298352010
-0.3420479173
-0.2552453592
0.5665097597
-2.5607641557
0.4814789317
0.6156078103
0.3199809216
0.6471579230
-0.8990915280
2.3714838528
2.7597212867
-5.2618555051
6.6681642500
-0.5016369052
-0.5888677375
1.5548767126
-0.9179470528
0.1309883737
0.1465044123
-0.1348710351
1.5386102151
2.1311073537
-3.4866908561
6.0016200207
-0.4970917527
-1.4442651689
-4.1698898231
0.5141445603
0.2109683445
0.0801486071
1.0816400697
2.1066861348
-4.7887479468
2.2653802807
-0.1152771012
-2.3567599232
-0.4521316390
3.2063900181
0.4214466318
0.2731509762
1.2510513808
3.7216674340
-2.9830988600
-3.9005659963
-0.2736282864
-1.5465681139
2.1891397035
1.0462989999
0.5794460876
-0.6459088461
0.7714808366
-1.4710221854
3.2028323221
-3.2788145821
-4.4733545968
-2.1983792266
-4.0020337627
0.1873198091
2.0667375178
-0.1581515064
1.3930077869
1.7268749332
-0.2434409048
2.3490661762
-1.8920868014
-1.8314454647
1.2912213732
-5.1129167315
0.8532735092
2.6559803465
-0.2327532503
1.5761499900
-0.0544968638
2.8298393232
-1.2202929319
-1.6678855565
-1.8863161753
0.9910961094
-0.5739399026
-4.9807307676
-7.3968777922
0.4069994585
2.9016638293
-0.7315178503
2.5593076974
-7.0362586012
0.0778931659
2.6987329331
-1.6334727923
-0.5603151200
0.5399675982
-2.5816190657
-3.9086663594
-8.9598548962
1.3556992542
3.8275349601
2.1276391328
-0.7513472714
-7.0562728622
-0.5351219111
2.0283545228
-0.8706689937
0.2219329840
-3.3303229236
-9.8226202550
2.5673953230
1.4792702609
-1.2442868901
3.9949691306
-7.0798131382
-0.8157931590
0.3169867615
0.3657578628
-2.0896969177
0.4431011982
0.1443722256
3.6734073587
-7.1801492697
-0.7979277384
2.6808894705
0.6066401628
-1.2340732826
-3.6245966828
-5.1439025099
0.6319116137
0.6925231169
0.2417065143
-7.0373113054
0.0163350418
0.1033689069
-0.0021391520
-5.3083823369
1.6436827994
-5.6145013579
-0.1624427417
2.6550087205
-7.2422728006
0.4229846420
0.9976373858
-8.9809951991
-0.5216457522
3.4001832611
-4.2929807770
0.8524019215
-6.8759368057
-0.6456481046
3.9781042506
-8.0279166878
0.5672283463
2.7919956510
-7.6818093009
-0.7145494850
-5.8489415957
0.6846045714
3.1901817542
0.0673617008
-7.8758546735
3.7842145999
-7.4142145373
-0.5981792467
-0.0353417654
2.5568426486
-0.1016708354
-7.1773867434
0.9321333775
-5.9499000453
2.6854945235
-6.1268004629
-0.3186794209
-2.1320708277
-0.5125369377
0.2511255345
2.2358430124
-0.3202720107
-6.4933202524
1.2709263005
-5.0405671122
2.5909325573
-5.5573229311
0.6301962304
0.4782506330
2.7610951249
-0.7651311654
-7.2162584987
2.5915302303
-4.7762965038
2.4732776091
-4.9493969973
-0.8377333401
1.9347276518
-2.4196034573
-0.9903846681
-3.9416954577
0.6170964298
0.5673674912
2.5000115782
0.4660300128
-3.9713886378
3.3908242441
-1.9167135477
-0.1495748529
-0.9562448807
1.3032566470
3.4941062048
1.4752510345
-0.9411640465
1.5994404349
-1.4036578710
0.0494049746
-6.8364952922
0.5302135141
-1.8530796107
3.4819779165
-0.6498542663
-1.5592466490
-0.3149350007
-0.2543931186
0.6054654793
1.4661329804
0.3845201070
-1.8646549951
2.0246234936
-0.5581353444
-2.9102089709
-0.1625364634
0.0953915956
1.2838351624
0.3158510057
-1.6947368366
-2.0139913523
0.5260385408
0.6616183887
